data/suitability_32.asc
NCOLS 400
NROWS 400
XLLCORNER 0
YLLCORNER 0
CELLSIZE 100
NODATA_value -9999
[rows 0 to 19 of 400, columns 315 to 359 of 400]
0.246102231543713 0.241059268826962 0.244248772150366 0.243730984600391 0.245345742332062 0.240812076074494 0.239696648485818 0.242661851074834 0.242115688764506 0.241867866455921 0.239667985078298 0.229766995008186 0.2278158900895 0.215428119495761 0.219148814430228 0.213582841231678 0.185049966970494 0.187431238818729 0.17176636021381 0.19018714817676 0.186127877842659 0.174777721257239 0.186249589369222 0.200995427982952 0.212811446942635 0.216327914844067 0.241381162686173 0.25611626742915 0.246185898889577 0.229919982674699 0.224480177266435 0.214015942762941 0.191607270414134 0.189352616783843 0.177984925087593 0.166011681146576 0.161710881359537 0.162774488002006 0.156924192770872 0.162150720755854 0.169799027396249 0.168466679246996 0.160049517405699 0.160785459304281 0.160950583853154
0.178454161491284 0.1795194652189 0.2347007826053 0.239283053013956 0.235154357855162 0.265327600434201 0.247508617299364 0.25905293424283 0.252937676422315 0.258522870858996 0.233830729346719 0.25638959897231 0.260387227133219 0.243920917958993 0.246102205467518 0.240138241494645 0.234477896265662 0.233188285095991 0.225499050061114 0.215751980704366 0.211665996306213 0.202610389618696 0.207137253940834 0.227171188960011 0.241401174555924 0.247306994207547 0.239303418650109 0.235641296119493 0.266848947360074 0.254060148856259 0.244412439219006 0.230764723607499 0.2179568492683 0.207188796087927 0.20051481220237 0.192688159560373 0.183921493396199 0.178167806446484 0.182889889171841 0.185661141087188 0.193676987635564 0.200093049055426 0.207187924688039 0.206226934632021 0.211510813487248
0.197445992937792 0.197416758428447 0.288800558062482 0.279548509903532 0.258718230730458 0.25718358816689 0.292696691254935 0.284172068535567 0.263701402714364 0.239260496560185 0.247536900352906 0.294304112476263 0.289117141713082 0.27951524518361 0.248047849970812 0.26674328902299 0.261644402433689 0.255746305383664 0.249131064983378 0.242055793197656 0.234259114743149 0.231676964584464 0.233713440412799 0.25426349843234 0.267535778846449 0.284659372957702 0.295024107504442 0.303582609614252 0.292076464610947 0.280868430307082 0.266790352225379 0.250365195882921 0.232156131592475 0.222878061778315 0.214343953944147 0.209544699895084 0.202000457577223 0.196246234108992 0.19643147747678 0.213526498292644 0.223947584022482 0.231402723111861 0.250245499469187 0.259506200384528 0.259514514719832
0.343205188759448 0.348438967946098 0.276538942562026 0.283781522841761 0.32531975664112 0.31988035153284 0.284579755731273 0.264462387949041 0.329254995435358 0.326144558393284 0.302027024101483 0.331147083335007 0.287201205210873 0.30992024389378 0.240737814667569 0.295628813352914 0.29369709726235 0.284770851753256 0.275954552552772 0.261869495212593 0.259209950156437 0.255908190090674 0.260866993263503 0.275737660212931 0.293287095886504 0.310825757081162 0.323319813621985 0.326921298043099 0.307103138165881 0.299745666849274 0.28125830066365 0.271311376703091 0.252691347262047 0.246780330085938 0.23325072592863 0.228518353782577 0.220830299693305 0.222513833890005 0.224075554729257 0.243108558931491 0.256062555619869 0.267801941583385 0.285453268236171 0.298509505435507 0.303765729502941
0.380069817364944 0.336131527334531 0.363369865729518 0.366008616425178 0.354553473678312 0.339413034706874 0.311296143708903 0.350658257591032 0.353891227974464 0.31205194670111 0.290289727370755 0.304510021522789 0.300668327843837 0.324269642794936 0.31382345178003 0.296074013078315 0.260735767818497 0.265602796014606 0.282656865856645 0.274591251975777 0.267801887657822 0.26112646844791 0.271212650235969 0.289649730111607 0.303765757763018 0.323124964834487 0.33234944195247 0.339634429693281 0.325304592271007 0.303884631858599 0.295192660451041 0.277826951698789 0.264407057730391 0.25640771251254 0.246762854402682 0.238290099305397 0.233524741172104 0.222396161838474 0.22406849508275 0.246391292097562 0.256208769557416 0.277985816342833 0.289990112204874 0.302182492156363 0.30917624609916
0.409626527973181 0.400158309407488 0.3901874543557 0.378073336722673 0.381401234205926 0.371751754901065 0.366555085946328 0.359640700948892 0.360470491655378 0.315315652924616 0.312022242744463 0.279040451253868 0.273439006607607 0.297335990520392 0.28710724368157 0.283953113935384 0.264768132772986 0.262172092447383 0.265146874505005 0.252444603861823 0.249639231994302 0.244761938325428 0.2496471270766 0.267801887657822 0.288211694746165 0.303939276706309 0.321708001586456 0.328915075175563 0.319914990201931 0.302182463939842 0.291793074480227 0.28209668539291 0.26846630702734 0.262178035530744 0.242486226820964 0.232819935920271 0.220136039400463 0.206545185890117 0.209098320629754 0.213196802731297 0.23250511135423 0.237195601453438 0.251236174339203 0.259514354875957 0.27121259604219
0.432950743154405 0.419818946093115 0.405745806327668 0.386179949387169 0.397498715208398 0.387623185676683 0.371914048654858 0.355611447878296 0.355504398417856 0.27947420115152 0.294829440622942 0.290969220699642 0.317538174966584 0.301251242951532 0.283726920539731 0.23623479083334 0.233888735005125 0.242113666895121 0.237302007607313 0.233460479722755 0.236052366443599 0.225433020708765 0.233366463144141 0.249578457686659 0.269455227267853 0.288254346917836 0.305690065724465 0.31982702614345 0.307379429055058 0.293700442981666 0.294320518525278 0.247101285204218 0.276905029416614 0.260053110379827 0.110499559845508 0.103168514070486 0.193629026147465 0.197944595781334 0.18626227305151 0.169668018658495 0.168065327417798 0.174135133013446 0.188269168350464 0.192418601837163 0.203278029265208
0.451162070559552 0.436289670875327 0.428275866324132 0.413528462359867 0.390720182376052 0.379312409401995 0.374057720442679 0.361909277332525 0.351985522032466 0.332069171086242 0.338930223244789 0.305042402362938 0.264064811404821 0.28745468088404 0.255227289311559 0.248103280546634 0.221326029461846 0.220253360939316 0.216421477349769 0.21043132261956 0.205499574058705 0.207112857067173 0.213028323543024 0.235363433840539 0.254451892680436 0.270834215288223 0.287295451390824 0.283928884846978 0.245255631530851 0.239034122986723 0.26988729608474 0.249966065114103 0.210365869791026 0.197277692211162 0.111024878790666 0.159480008696276 0.180508994361793 0.183889812225381 0.0991687045685783 0.101983031337925 0.174340963112496 0.150443994895845 0.153007746976235 0.155473215391185 0.167037041800718
0.46197635712093 0.449688300484137 0.430123635615938 0.420553578866275 0.416086923884989 0.399021553043269 0.376951673661622 0.373892667005936 0.358933666922176 0.340511823253408 0.329614847227557 0.31481103710987 0.259310045654871 0.268388578872085 0.254892820999028 0.157860721428217 0.17904313215976 0.102541669362823 0.124325946247005 0.18738500808374 0.175648411945062 0.18338833883528 0.19879893455611 0.212296169870944 0.232291014963763 0.242882655559255 0.255105139928202 0.274305323211482 0.278749684955767 0.277359485754831 0.240920117939117 0.212986437063688 0.124721590424171 0.163375134326127 0.203967698119228 0.190498986575767 0.166506041168808 0.0757459346156061 0.0698873865361701 0.097135716515593 0.098009967063349 0.110946969870464 0.126260403018358 0.131520823355284 0.133440874393304
0.487503235174152 0.469524842685155 0.415817748194866 0.42493109447636 0.42567173255411 0.415984291602437 0.405132212449054 0.389169598090354 0.370966908770812 0.349228209035724 0.336162951575077 0.311279079378014 0.281789304969642 0.262867900361461 0.221844349576927 0.195876109043536 0.175679704982835 0.181380056927819 0.173564882123971 0.177365775247586 0.154521491665255 0.157661019054499 0.17150208745885 0.182858239773041 0.190741132006245 0.217245111505837 0.249032727685062 0.26694090347775 0.183004826012892 0.241881604660267 0.256326867218961 0.234378214151769 0.181803060735643 0.117035690322836 0.135425214444376 0.133607518371199 0.0803556341504149 0.106761456925473 0.128352588704877 0.066585771032715 0.105740107777416 0.112898823300324 0.114182562153666 0.109184480923816 0.112756831752437
0.494067297283456 0.479703110284367 0.465325043239626 0.463365853306875 0.432899916138338 0.433828868597793 0.417742397440954 0.404564008150895 0.387491579295276 0.362385595003715 0.345861792126177 0.329282859129216 0.30154653005744 0.283067622627386 0.257471399004135 0.227735333754253 0.201941762602814 0.195971503212508 0.183449601375998 0.180733672713729 0.174921766982536 0.169274384935769 0.167661190339689 0.168138297058718 0.181556668873125 0.203147702297052 0.162477579984351 0.170773833316816 0.166866159563874 0.232699621511399 0.228076754213855 0.237148164399612 0.154183642829967 0.151424362507855 0.209734930128109 0.171483101527184 0.15210708818322 0.103319403659259 0.0768577092619226 0.0727758668661802 0.0605641772811211 0.129429366437475 0.126650981954196 0.125510078859037 0.140436889502895
0.496537709041085 0.498775928826285 0.459279410613182 0.451063308799554 0.451035965106348 0.419192426602786 0.418021189422085 0.34834292818421 0.364154060380479 0.368805550259086 0.362167575703544 0.341377329677163 0.316782184640244 0.292868633341417 0.268653886841813 0.240754557257188 0.214442617559635 0.203451827522019 0.201952252368617 0.188981824143142 0.177077164758156 0.171479933141989 0.153803136857927 0.171916908753701 0.0844369816784674 0.0982163965381398 0.141211560282393 0.180309249011124 0.185788552203998 0.191919546215824 0.0905994268501603 0.177663501411373 0.194207573717219 0.19043163640659 0.101236321249551 0.142953541691734 0.153785701530614 0.143141198501072 0.13343342101402 0.133131204021751 0.143598476069002 0.10087099555055 0.11079675085922 0.134277067867737 0.148824668982736
0.490359900772263 0.483070177693842 0.433134481266918 0.438466633617453 0.447858388558359 0.435262620404417 0.425636974595244 0.406531809701829 0.401943826446589 0.385555334516739 0.362167635351138 0.34667948359088 0.320336604291519 0.299803435939317 0.276538268736462 0.255248591558516 0.232387052550706 0.214933011140064 0.207585189368522 0.195578825479578 0.180662205064426 0.174412930623085 0.167230462838287 0.163999637605252 0.15869420973614 0.156424147946789 0.154259002268658 0.124836412517117 0.149980036779985 0.150893643513759 0.162684735295495 0.172368847487197 0.178017696094795 0.187553334789441 0.184212293813854 0.179872308423689 0.179283423844074 0.176771871806305 0.175349197562747 0.171916908753701 0.163028779251866 0.161928595976973 0.151774757237939 0.142573446523824 0.142588423224303
0.487510586798911 0.47341704190885 0.463809547543412 0.456121860973556 0.435610544541987 0.429885003083465 0.420973984865498 0.406609687203376 0.39326432998508 0.387556385684279 0.380043857572669 0.356597099223689 0.346460861420119 0.326439251037019 0.299942688227434 0.281951874282312 0.239290643049366 0.233338645780115 0.212581172764208 0.204174597484743 0.169143594561001 0.149399669837753 0.166745332902185 0.11730234979891 0.105142548774997 0.0948117779265451 0.0886142023741537 0.0893187954222499 0.129606221787668 0.138169296748847 0.142968081423437 0.145470137278396 0.151148553773169 0.167209480662465 0.170539945108972 0.180958359129792 0.182622956213098 0.180687190710532 0.183953878156871 0.184513673337411 0.169415129036454 0.0818653559935693 0.175938046013165 0.132816374929299 0.144114443673444
0.495347339314989 0.48436297222084 0.474495482240375 0.461043439478627 0.44729726897081 0.431509643959912 0.433459704030959 0.424461606666906 0.414768409788223 0.404433894502645 0.403466260303127 0.388221360218494 0.354458603725018 0.33583718835909 0.314013759006244 0.288874584813296 0.261169538297937 0.246910383070985 0.237557025801038 0.212541173896591 0.185756498488908 0.156483467965239 0.0897819753714497 0.103839174524706 0.0916449051143596 0.0683167625987439 0.0489002305499212 0.0453237433538476 0.0687744169802035 0.0828761293462578 0.114952254428196 0.0915891536597145 0.129573650836185 0.1391708107512 0.155783328734287 0.162358023827944 0.177472474160262 0.190469455080599 0.198156343418333 0.200950202928249 0.124325915790397 0.126961058959071 0.128349431433691 0.189433323807444 0.178769877091136
0.496960487146638 0.488199788600832 0.471020027263393 0.456672753952354 0.444105332519863 0.442025087212618 0.443402564620556 0.43798067182759 0.424931713692285 0.297894440339162 0.210724095414544 0.178630266378933 0.196099827606782 0.347708460208323 0.331688187404837 0.318253810224147 0.300684296914614 0.199815793582855 0.207167778285844 0.120579892609203 0.112768843093545 0.105683526745064 0.13036393887341 0.1204896398588 0.0830919648441628 0.110175938755393 0.127378963917813 0.0971385900555612 0.0816691399029958 0.115566137056448 0.0900441214323891 0.0801506434186592 0.0732653367372456 0.133430932861948 0.193739256355157 0.204034916131727 0.227739984983554 0.216390068620947 0.222792116656146 0.225666632454937 0.226344523065238 0.231458313280625 0.227025955473498 0.267779051546883 0.229508712447596
0.488259873105109 0.483109581603551 0.46517620505788 0.464228140725545 0.461685204514 0.455382113574844 0.441376533272607 0.224390720050259 0.191899215351862 0.185998984426622 0.182591771351389 0.180340904280845 0.178584467169823 0.365499998945729 0.371432863818379 0.36028155899078 0.356409844010338 0.34900352323611 0.341905128917815 0.332819977301102 0.308556144290993 0.298178151651236 0.295630901265036 0.277376192976275 0.252903515295546 0.246532128430579 0.223985062711028 0.208913485426727 0.210212385939062 0.210408780165105 0.216296708030707 0.220214506857454 0.231879736064364 0.249756558924134 0.264445668037812 0.25892040649226 0.134443326379925 0.207392408521077 0.304643395405155 0.309775745681509 0.20169332855121 0.227120275587268 0.274321958525864 0.309295286821391 0.286522652605063
0.466683468096597 0.454400734004257 0.492506338780984 0.484730863078064 0.473525933030008 0.446254248066026 0.417754480726657 0.420115107360143 0.406531787022103 0.185240449097113 0.188743741457182 0.241116685099453 0.18557337636699 0.396436598230697 0.403944097347524 0.402761378559327 0.397042168243131 0.387560267648373 0.387560328422878 0.376905783201636 0.368273590843798 0.35541534609031 0.354163180879424 0.33819062091204 0.332283414031841 0.313756961318666 0.309205583399277 0.300011930324449 0.298503264265744 0.292350611368957 0.299281828060785 0.298947760092413 0.293235519890649 0.308010805785334 0.321019186672751 0.192404716536011 0.239379613298015 0.350538676547569 0.346821716246711 0.34071339282327 0.331324073376277 0.342330917792248 0.34738414674538 0.350153297151172 0.344659558597884
0.471592505344975 0.424312951495987 0.460450827223052 0.401587131994773 0.386155842262694 0.37085096379005 0.367444857863239 0.415128795986911 0.260544658105686 0.18992115161254 0.368784230480947 0.348612489854511 0.329395849648312 0.402448679451752 0.420562422070061 0.430151688946914 0.42840608274198 0.432196101256422 0.410682997984694 0.41184290845307 0.412904441715954 0.409925922954991 0.40621296763236 0.399808842226065 0.390523601355064 0.376519146559679 0.376308444584238 0.355398690780967 0.349045945415474 0.353734828230286 0.364139137721613 0.365704800785748 0.355563413153152 0.354199979297157 0.364584213729751 0.368765226494606 0.378544552429109 0.375616854147369 0.272949016430865 0.309072162786186 0.315799773013017 0.202615935925259 0.175435507582126 0.175735241705776 0.347431651747573
0.489104379187768 0.45696757312696 0.447863172172562 0.445818034609868 0.429595369192003 0.392344445954309 0.407157333065222 0.377135715894346 0.191125461950246 0.191222222730339 0.381471660216307 0.394168432242333 0.437761124889985 0.443051717517303 0.410379574049295 0.420824421371729 0.427974269997104 0.419699553249007 0.449648310178115 0.449954772069683 0.441064742662659 0.440845575579364 0.436274164914078 0.422857821105582 0.421948684262286 0.415489237932283 0.412444627785947 0.407579445242694 0.410933950217852 0.397703413889025 0.40120563798841 0.403089758229828 0.405397807120728 0.397177513207187 0.414125137073555 0.408657570780248 0.412222817946859 0.420927336230937 0.399075839886428 0.408086622668022 0.420154433128624 0.41716561848486 0.374353916541026 0.365005106167392 0.3648546422193
