data/suitability_223.asc
NCOLS 400
NROWS 400
XLLCORNER 0
YLLCORNER 0
CELLSIZE 100
NODATA_value -9999
[rows 264 to 287 of 400, columns 265 to 317 of 400]
0.408188927932745 0.0902685705452548 0.0 0.0 0.0 0.0863121661333572 0.444936975927822 0.314705332434443 0.476608055192712 0.362742709214454 0.108532873540983 0.111474445514543 0.338877090424883 0.527641294521943 0.454073645411392 0.407874229071569 0.417805075685507 0.0843051745166118 0.0 0.100696062292787 0.279855194936428 0.0 0.07602714373619 0.257417258625881 0.0854377551405494 0.214264812118938 0.362561240503138 0.428072250973659 0.481628452867565 0.581370390577592 0.553957074574151 0.523731537297 0.497353355938253 0.533777241736414 0.604506640855984 0.595176032228567 0.550122854139086 0.646798357110001 0.133536909753655 0.609436061670982 0.618262614176485 0.543631752078466 0.586613437934211 0.374211402477765 0.365220473015482 0.346051429899768 0.584870790729804 0.572219069128702 0.579648861297631 0.63363843242005 0.0 0.0 0.64244277325372
0.208610706589047 0.283819805782495 0.402542948514437 0.477714940045432 0.243505407194557 0.383123725576347 0.437954900152495 0.255615013035891 0.446062830603987 0.0930981392049979 0.297543608727764 0.0 0.105222253096411 0.110565009667505 0.316137883977948 0.297034489524541 0.0 0.320066041889057 0.10443694141905 0.289735773277029 0.0909136686418853 0.0866950920208 0.266059629189089 0.264933945407294 0.0861614869287173 0.271039036392317 0.385397209552519 0.467408128958736 0.465460636708878 0.573371025921556 0.445891881464525 0.483841222737844 0.603390677131009 0.602534793896645 0.54125530818936 0.290450474901705 0.0 0.114292311184281 0.665727883439378 0.491952705950195 0.599595987639375 0.584030434194974 0.538060546830723 0.599595987639375 0.590730169392356 0.529816668917366 0.556920519559742 0.59387699517882 0.570236439223096 0.575719756554297 0.684258305455517 0.667467282034434 0.647072830248692
0.24373752066438 0.0 0.208101942641244 0.224267795264627 0.198262233274665 0.327766238301158 0.364314959358858 0.266134435127922 0.408798863443683 0.481378427134327 0.428470885282645 0.453064309662913 0.560914392389712 0.0 0.0 0.0 0.114120830108867 0.104050111108125 0.0952071134951566 0.271627887467433 0.0927301771242609 0.495481742280227 0.102767131772222 0.272277878114327 0.25559254229201 0.224077745075875 0.178566383553646 0.0563684377322833 0.187283986604162 0.432110975993202 0.372172315961748 0.412788450713647 0.409458982297051 0.455413074175031 0.479180735244331 0.507552234500268 0.611982091693289 0.654085827227104 0.569224566498988 0.481888134932278 0.550936273397359 0.608253158461625 0.547639999536564 0.521376594473267 0.440824415242175 0.416059276351334 0.441853018661721 0.496912014813352 0.470646067193408 0.552944451588226 0.61508885289454 0.573603414665534 0.584659944042273
0.0 0.093174391359523 0.413044416481839 0.418547093530972 0.389077107298744 0.113872553577632 0.278571202246613 0.301585738331476 0.321136477830587 0.382520757693642 0.496509002143099 0.547212946768093 0.572077740329761 0.45604523278103 0.113655264156332 0.0 0.313355864554038 0.0929463454344163 0.284116238056276 0.541632528940876 0.551110998738107 0.311891728687512 0.297139648174391 0.282914779708939 0.305975669356863 0.376464341963304 0.289302114995687 0.281112058815841 0.306906336666513 0.248210341351428 0.385165291423025 0.347729659569586 0.479696102798213 0.513641155467737 0.55418966075016 0.596470445597819 0.626014731529051 0.61702598152693 0.660087512945445 0.516680487834454 0.442496708009371 0.588401663071006 0.518304349369195 0.462070820768259 0.436943026817593 0.441242805357222 0.55441559071614 0.538411347551577 0.651980701594625 0.614327023633474 0.559316411546764 0.57864371993448 0.579933833700213
0.318069690142176 0.0 0.0935822368626443 0.412026145148928 0.557313404938692 0.255168603090732 0.446776947826091 0.436057227890244 0.362793538127724 0.40441088557451 0.445738741413307 0.409862324260033 0.490980620018837 0.31230917433595 0.0 0.0 0.0 0.0 0.337967388978929 0.0 0.0959827523154726 0.0 0.0 0.0 0.0 0.276303572393228 0.254474525013186 0.455754194988541 0.450850778038052 0.429176958497173 0.502893209100218 0.242215054623669 0.442483425154557 0.408150826108039 0.49518088491939 0.583789693297834 0.583543093177078 0.555656237390014 0.539965279419622 0.56571117114293 0.532468312769673 0.652864045345372 0.493036224697545 0.435726243790967 0.423157178078905 0.454363517045124 0.534245535875125 0.560690274977126 0.523849625570413 0.497374139809229 0.55286791629767 0.383043535832248 0.607430463848662
0.0967507444719434 0.0 0.579011881783824 0.467570186556663 0.530934955778523 0.438248081292652 0.551610151351837 0.512511801022521 0.395745786616875 0.383367958217443 0.464194366041143 0.376335247450192 0.116040256933588 0.565319640650468 0.0 0.360284903724316 0.0 0.0 0.0 0.0 0.0 0.0 0.425003856593575 0.264256384861677 0.462002366911098 0.481888168609013 0.526461203012114 0.473858058836618 0.522510601577663 0.50332265937163 0.0886010908009023 0.284501389502548 0.470403319523715 0.379314472259839 0.242023299287803 0.252234761336478 0.441942389175507 0.449490076019164 0.451085046292471 0.412774682628282 0.470060621930371 0.535285378427547 0.46038862293504 0.494526670851178 0.525767867147622 0.551920919821338 0.518707143714812 0.469625566994135 0.455453577865937 0.41466353414288 0.460582984969137 0.524483245561084 0.453229323525033
0.0 0.0 0.0995525770940149 0.326490540510625 0.52506524948737 0.591860569859736 0.443064459446553 0.313120055350832 0.346485590131023 0.38572513876018 0.231721407167958 0.269564041047712 0.458623239302674 0.336710272833844 0.109232026475917 0.0 0.0 0.310022367300767 0.0 0.102250662618171 0.0964152685707728 0.295417716291612 0.307619940882613 0.0933638518847767 0.0 0.275298349475228 0.306226952326492 0.104367718402277 0.374145154062425 0.485480315575068 0.457043807324189 0.536898641924161 0.271036161992937 0.456154912343782 0.487704167317924 0.27409582881535 0.267227121090381 0.291661196435383 0.50785655286322 0.476644973288097 0.423427522576303 0.374156541726762 0.366689020523191 0.395516690975139 0.446936723814987 0.438711347510044 0.495542770200387 0.539017915415121 0.506621423064706 0.277848517909245 0.533207058617847 0.119310740877251 0.390580464747151
0.0 0.0 0.321994130761531 0.188946882268494 0.190885817636121 0.392453781144382 0.511387275817089 0.543982527962461 0.187482967657554 0.211531012414069 0.271858726875383 0.231727175206801 0.282388399840525 0.615966334930868 0.0 0.0 0.0 0.0 0.0 0.110868608438997 0.333498003245199 0.105695613132486 0.29711836054436 0.404960399353645 0.279939657705495 0.370376044036082 0.262017597956633 0.0 0.0 0.0 0.0965604964155736 0.34463722314828 0.474642086389897 0.0 0.363908305482642 0.511387275817089 0.39729049267756 0.33559979353096 0.302571671518577 0.474427219243465 0.425109030620794 0.402634245365189 0.434584184722997 0.383870334769111 0.396743262062549 0.389562182588783 0.26736425490536 0.529300409756447 0.564156733876816 0.651345001919891 0.346591275754047 0.400003961477821 0.676399169911286
0.0 0.0 0.107131707172995 0.518896658068331 0.529866592873643 0.0 0.353188286429231 0.258382524653959 0.198198149858276 0.226035162003357 0.512807520044844 0.386276363634307 0.511995211485622 0.104856006457398 0.0 0.0 0.0 0.0 0.10452240672792 0.300921291981115 0.352367580499428 0.32164847088002 0.334134950175222 0.279328354883615 0.423770737103446 0.393724045164731 0.238747810885771 0.0 0.295269550953498 0.331251703361184 0.0 0.101052246428717 0.321111871414061 0.453186489502232 0.0949855849275297 0.332601991207255 0.323527141691083 0.305648125154932 0.260540534819865 0.0802883465712564 0.246896080909002 0.370193763819361 0.430892470180871 0.228638370094134 0.445264969937857 0.0889652402843798 0.331642525860804 0.29253559827604 0.110035179411887 0.0 0.769057783825983 0.632593238715705 0.573744452587472
0.0 0.300341963147765 0.0 0.10283681695841 0.349495019256342 0.10250410029739 0.344109126640951 0.0 0.112066923053116 0.0 0.0 0.0 0.0 0.305793987865209 0.300254859767233 0.313954273177037 0.107376068200658 0.278380030503399 0.260873088462132 0.0 0.0 0.0 0.0 0.087047848973877 0.249667561681874 0.438740090453146 0.247215316719273 0.0818134252177426 0.282522196675313 0.330374882536717 0.133263759703625 0.0 0.0 0.0 0.336710272833844 0.324280104336811 0.498620345813929 0.509309282810584 0.251092845574709 0.288154401672238 0.190102865671695 0.415196085034581 0.152045145480567 0.332915161150509 0.476298041314495 0.277287520197466 0.125117797473315 0.210017865338884 0.632907651455698 0.574689190021584 0.541314369329526 0.508547030346981 0.509188019865362
0.0687838926853853 0.0 0.0 0.277265801090971 0.246632614835694 0.0920705435511855 0.0 0.0986367342449055 0.317615566168014 0.333498003245199 0.0 0.105078321518547 0.284504595894778 0.465738524743075 0.434562923762107 0.48230807497771 0.33881518940835 0.0950078265698357 0.242967284864971 0.0781021790779994 0.0849670104369283 0.0862988777962239 0.284532224058747 0.454601724528265 0.0855937495942263 0.0982097892568751 0.0988322463516167 0.103738088247157 0.0556377513540947 0.0181812905336638 0.237040706383392 0.328311894569751 0.212085698106808 0.165634596385622 0.428449500263557 0.551741446188677 0.248061776474246 0.224230993848014 0.159774471743589 0.412244374935757 0.467056642384004 0.459507594172238 0.253693296541398 0.488643303382623 0.542481538379151 0.104289027324347 0.377987785979518 0.455093252886371 0.521736361314214 0.5105634177747 0.436853323863035 0.420245676277422 0.469960153919196
0.232086938826995 0.22870568552259 0.353514299258139 0.382022158514838 0.374338953218404 0.414532711317904 0.283861654856904 0.433398280908133 0.336169254614225 0.47618414026577 0.487386202804627 0.328227068378542 0.433786703288403 0.401898456220467 0.486814896830573 0.553071244361421 0.605739268939876 0.597113278436286 0.292928823436694 0.281832632345019 0.0 0.0 0.0 0.0 0.0 0.334588034881265 0.0 0.0 0.239884362081482 0.483460846597178 0.579826439718661 0.356306680322055 0.175687121796852 0.41741980719568 0.208224412146503 0.0589455220172354 0.352625463743137 0.467214332913833 0.274221768187055 0.0 0.0 0.0177911669111443 0.0990905710922194 0.442210318846503 0.440303708229586 0.476289261061841 0.41494545707956 0.407834934429714 0.431863169885535 0.431061028433495 0.456957314632851 0.504078188481115 0.576278686775923
0.294802815458664 0.50706847926573 0.535516422342808 0.46854553271266 0.552520842314765 0.303330193172706 0.470755499875737 0.526430470018113 0.111575399097375 0.0 0.342289961277434 0.413686285564343 0.0 0.0 0.0 0.0 0.0 0.0 0.0 0.309902349909219 0.385557846799729 0.529009112918735 0.0 0.380041571783723 0.329335855934528 0.323419247845744 0.102626693245216 0.0 0.377915525237923 0.361081788769957 0.0 0.0 0.339039603676864 0.345094506496655 0.344517459456968 0.0 0.0 0.0 0.0 0.503158129257448 0.309571339279855 0.351590677430272 0.253111827782047 0.473177300128617 0.484505967907877 0.0 0.411148396024131 0.314238314522157 0.337458436287855 0.499629639587411 0.504571117748191 0.324878368217299 0.503126096832324
0.577888056533509 0.585086997353171 0.343399800126331 0.343153677831206 0.111859380580979 0.436551332876949 0.59469901117534 0.431572646590001 0.120572547256989 0.0 0.0 0.0 0.0 0.37245041693025 0.118672913235092 0.115690271406792 0.0 0.0 0.0 0.0 0.0 0.0 0.0 0.0 0.0 0.385760471301556 0.122501329823906 0.127763958152496 0.674784733900079 0.604489618783487 0.545768396512951 0.107034430819992 0.107503784885834 0.0 0.0 0.110046594432925 0.0 0.0 0.102145237825324 0.303838458267907 0.289245847880487 0.0558053611325305 0.319609583467627 0.484708316064597 0.520424612756838 0.166159866453112 0.162175582933769 0.444967749927869 0.297687900702278 0.505219714043219 0.455445269810188 0.436203985312858 0.353296233933282
0.681866964105576 0.683460812485806 0.720939698153688 0.613924997617859 0.61040300313522 0.636732290356709 0.583178831029413 0.705592222674882 0.682345981773819 0.375907185276685 0.0 0.0 0.128620994937305 0.359471698556399 0.549799680933311 0.351385400498009 0.408077633251829 0.111972044193721 0.348750805893355 0.115710261111798 0.341031844307793 0.0 0.469042715275661 0.129168895607451 0.38815707346566 0.0 0.383184075100518 0.648636659390193 0.374867467836857 0.31965387184367 0.33061623451504 0.361034713034596 0.366130513304452 0.296716924057882 0.0 0.0 0.0 0.0931604529934405 0.267185184256689 0.0284226851050763 0.18311244920251 0.460140849537441 0.387571121125813 0.46249928619324 0.478596109855517 0.524260949970914 0.56239445065468 0.578283443686777 0.575861021866277 0.546983963921522 0.50855641872824 0.534186726859266 0.0651008082285811
0.730280529061986 0.36328105419673 0.323732015394864 0.514833992161572 0.167413650324245 0.57577408101383 0.441081572817279 0.267905854378391 0.0 0.123112597275824 0.128474168274096 0.388499026583784 0.0 0.346475265749818 0.552059250937128 0.567604288292272 0.502089040763771 0.580467877682163 0.149637008853979 0.0 0.0 0.0 0.0 0.0 0.0 0.0 0.115172469352353 0.0 0.352606826827902 0.332470556051462 0.0971724133327736 0.277873283916168 0.127565234737165 0.563653682136256 0.302540669655236 0.0 0.176125001473623 0.600275910179747 0.583329950656683 0.44521030187191 0.0 0.332652648863097 0.336038181432536 0.390297108052817 0.0 0.175532213503169 0.420258382218912 0.296122757342236 0.303030093126434 0.406723498340144 0.418425307013845 0.353021108454326 0.299009392268668
0.675330288032391 0.474977360879963 0.41216200511446 0.194050065596364 0.388180122306256 0.422748476100666 0.501901185088436 0.249856923917244 0.364002965995408 0.575652635003716 0.116539748258342 0.108797396013245 0.0 0.0 0.0 0.437181221566874 0.215079148823581 0.0605255816698496 0.217198807277317 0.108135166856288 0.0 0.0 0.129411672950922 0.114439010759425 0.115695161037189 0.115432637381829 0.0 0.124666606917831 0.43589087588638 0.362801932287415 0.397465180964972 0.0 0.0 0.0896396399734855 0.0 0.0774401002496744 0.0852872564283994 0.0 0.0482213300149235 0.0 0.478691956785559 0.543104170418779 0.474049745215852 0.468986543030997 0.0 0.0961514490714193 0.527941121412618 0.325128783523188 0.436333624132659 0.425635567761092 0.469817508850003 0.0999816271955968 0.296006543832359
0.413228960145589 0.136915912845764 0.0 0.502854500841121 0.571377932401666 0.501799122207576 0.677864319303847 0.41736018155227 0.589157814907308 0.365682745895913 0.547014985045377 0.0 0.33996650681631 0.104839054286945 0.0 0.370798953074441 0.459337536893302 0.483105487416535 0.103953656630042 0.0 0.0 0.125146517700829 0.367741812865343 0.572377538693556 0.545717130896024 0.591405475217278 0.34186990744532 0.595602758987369 0.586859253805234 0.112741624279686 0.38063618070803 0.569384808814469 0.0955867202255293 0.0903085547841162 0.248345950704293 0.235609091036843 0.271368642253807 0.0 0.0 0.370724866036995 0.295546583347693 0.0 0.256514786314522 0.248890547753789 0.410933054952356 0.24582699592269 0.381730660963141 0.0 0.333034403129853 0.506875854821921 0.510983088679496 0.306826109916112 0.0
0.140847423609368 0.0 0.501775374908584 0.655712363090797 0.504058236347602 0.624638946839481 0.518291603191773 0.385991683725015 0.0 0.357921984001566 0.117561846300167 0.0 0.108472796020673 0.537611251764707 0.579957245898636 0.574892848428715 0.394226561030595 0.113328767879149 0.0 0.0 0.369353574272279 0.133509361601369 0.382907220151113 0.583103804965581 0.529637554725664 0.540239997865778 0.110887695383183 0.0 0.0 0.0 0.0 0.0 0.0 0.0 0.0 0.0934709544892012 0.547922220191737 0.0 0.0 0.0972103850745034 0.301465266488935 0.291342250428066 0.0848613452805286 0.0 0.264739365763934 0.374046766618518 0.391434010364509 0.343440373095185 0.298563568717718 0.299189423243723 0.484659869278065 0.492696771397411 0.0870860599477423
0.139596063208696 0.420650111262836 0.174542554884126 0.0195379309173514 0.0 0.49287299707697 0.743326451083845 0.39123414494556 0.0 0.350308761163838 0.355606330105169 0.667569671357803 0.659547396056988 0.525475624701403 0.625683528612378 0.378509197303175 0.356106594895428 0.123710637068434 0.391766811981443 0.507733722887428 0.0 0.0 0.0 0.383046376683231 0.633645874177075 0.35984888093458 0.667582110075586 0.355848000909132 0.311269322509229 0.54770475611708 0.108278886577776 0.111350031454199 0.0 0.296408838138314 0.0 0.567565265594017 0.327783996988501 0.100562039795091 0.105384452988197 0.322126680328066 0.0 0.352948316505368 0.0905410143592062 0.0840541296856432 0.32627704799933 0.438726796667018 0.444032848662529 0.459852747094719 0.296769422034677 0.322026704721133 0.342095860054731 0.529158259255665 0.5017873507354
0.0 0.0 0.0 0.506246728325747 0.675488749378196 0.673673842002262 0.408031786047312 0.0 0.0 0.383055686206477 0.382862707278373 0.360631540350905 0.633274212745261 0.667446166545015 0.668231767998071 0.741019757878357 0.683241957529662 0.682982953083561 0.386963301283397 0.683093902302113 0.0 0.138342653396442 0.398894506071011 0.389760724968976 0.38563245676767 0.452096108855775 0.681239467993186 0.122135681895075 0.0 0.0 0.0 0.0 0.0 0.0 0.113302008007585 0.600897159243181 0.330364947603535 0.351648769969958 0.346833323911877 0.307605945987534 0.292661253491203 0.421075256647441 0.277981413321795 0.3032878023291 0.100858002581488 0.400919939141275 0.377935254819785 0.573367741002734 0.563060608133959 0.667469356587854 0.374126929695724 0.568534872132535 0.514521757537204
0.152713651354154 0.0 0.0 0.449142690464425 0.683136527775384 0.506111595420931 0.13571110779337 0.0 0.728922337035226 0.690473085688563 0.0 0.134542610446933 0.698969618323343 0.675592419356897 0.135329182113372 0.625329552243718 0.652023860498027 0.694803342547518 0.12942662376757 0.0 0.141217589055601 0.650781417718656 0.725704818426749 0.633189823647693 0.618227720896192 0.566360755453035 0.559045329386597 0.647382746738958 0.382977801325755 0.383007898520678 0.443595460273159 0.378663164946714 0.374196345995486 0.618186151835483 0.350110274690024 0.326552475669716 0.321037899867279 0.471937118885458 0.431774512096351 0.457855578340675 0.482861455129837 0.408274364253216 0.431445987842619 0.492953311027564 0.537997491242981 0.346515605001066 0.438451058665873 0.633284815446305 0.571780304853996 0.581215864699988 0.595128319105335 0.561599076816331 0.571776812043564
0.456667957239532 0.143672990568207 0.140298381534753 0.245509080829087 0.0705218542557525 0.0 0.0 0.0 0.736527855459553 0.669455566966784 0.391814739690657 0.41933549681204 0.425265255428635 0.706112082003162 0.716444308327525 0.690467212035396 0.696507145739746 0.700394013564184 0.753685981642943 0.77886544097448 0.676580850154606 0.609861956596353 0.56885272145644 0.510026995804327 0.507917657355868 0.491389494700717 0.48106584427132 0.539758237239801 0.570071779641522 0.560898998424005 0.56885272145644 0.574818040777312 0.526615455614515 0.535777122396516 0.336479631413432 0.321816403874046 0.310619153156922 0.363747988300433 0.47887434582273 0.437808315713332 0.437951670482631 0.258925719123751 0.500889712145589 0.520640822152327 0.575677231394194 0.610116892430366 0.36523008888777 0.360678580396287 0.119206407725365 0.650708099419191 0.1202375072183 0.350615762609476 0.576610635781423
0.0 0.0 0.392055500277598 0.372823257345708 0.122007143143391 0.384193964676854 0.372681712716078 0.690622126809203 0.391756338682663 0.676069627817778 0.407670402389404 0.410345253585833 0.424703222921176 0.425834051061264 0.451216238669248 0.727375629506129 0.7035453878578 0.697272178145429 0.739252225411574 0.451216238669248 0.695236782712824 0.592887347248521 0.514175370573741 0.490728047460392 0.530152228134344 0.535958614796739 0.574689190021584 0.545932340129439 0.500889685502029 0.517896227289941 0.491994191804848 0.461612675602355 0.447228374099735 0.481076366228165 0.519861438064508 0.523061960974333 0.480713284049999 0.462224570994146 0.289840783942068 0.498662854750531 0.613565975852268 0.372138852076166 0.650241250943965 0.688549875915992 0.641032687425367 0.615971139226193 0.605855258332851 0.559650710443771 0.54693568500339 0.541527594767948 0.559787942031724 0.702679065447874 0.625243261079558
