data/suitability_789.asc
NCOLS 400
NROWS 400
XLLCORNER 0
YLLCORNER 0
CELLSIZE 100
NODATA_value -9999
[rows 320 to 339 of 400, columns 352 to 395 of 400]
0.510685704992989 0.73708248803745 0.630033047492152 0.67050872425149 0.701846482632317 0.685892973121644 0.569397470947376 0.556728600551416 0.594805887579113 0.620750143538971 0.590198597522787 0.577209330567273 0.548184958093245 0.413235326773937 0.415266969717354 0.408697504501011 0.450992559574304 0.454278406286437 0.468461614267414 0.536696032256365 0.436801050766399 0.436198423179752 0.504333926668896 0.45057403984933 0.567314632968247 0.467912813875285 0.433034287413647 0.281406457362964 0.201781048133637 0.122370197412077 0.0 0.546021731370446 0.478948082522197 0.329653875001108 0.495629973116059 0.53049309779048 0.65067121893102 0.204884118495167 0.217858899152078 0.394993367913745 0.367106568028671 0.0678282566279581 0.529221514630344 0.391938553319333
0.671299708828903 0.597979530964653 0.694552674793921 0.695684584209127 0.711764701734533 0.699176116722294 0.688864643516341 0.613349606443752 0.668610115132528 0.60443459891448 0.52804596188632 0.60052271874015 0.597897736789987 0.421530839280776 0.358163389590208 0.517604814285013 0.463286590979278 0.434218888252642 0.33579778024872 0.568518663907806 0.337662789120216 0.409211049800195 0.34990923855218 0.274708433694351 0.58623931078209 0.365864392880813 0.467263827229514 0.440230418793207 0.198622446900314 0.443284472497823 0.245257314199188 0.489939687360527 0.450554156607987 0.256796473141651 0.463022032142753 0.470343586218151 0.361051216081845 0.364397408456799 0.252991372540939 0.205418493220024 0.438426985648655 0.0 0.423886572157669 0.557673122437671
0.733212502084677 0.551661442772495 0.686714297726154 0.725029436768661 0.724795296603002 0.702242169418731 0.586482819029628 0.663553537111933 0.693719065289052 0.580604478345458 0.475577469767769 0.551377784422528 0.594640976084895 0.435953212987473 0.549101139616355 0.399210287563622 0.527807799413281 0.554182443839953 0.523846587204277 0.509936900470016 0.354290338785826 0.466067094223506 0.373969032313855 0.449782535653251 0.480676559864133 0.460399284821848 0.41938144460253 0.356992116432805 0.333328831962803 0.515592556928316 0.372410194653017 0.427693498922987 0.239842693807083 0.489651789691855 0.366727442688739 0.2320800408992 0.139708176894865 0.327964713300326 0.355985890862802 0.403847065845257 0.257687934551158 0.436650933263418 0.333108905769354 0.626813033240997
0.728994358980892 0.70252968789601 0.708397427547516 0.730244949760885 0.714572176272706 0.652973301550447 0.710962778199261 0.60185228158052 0.59712518281795 0.69187939011513 0.404225083886557 0.500232782064234 0.553385468011753 0.550303130269548 0.391007536519514 0.611943788882362 0.53260066553773 0.559401191017513 0.589647094379761 0.577104862139723 0.488488887426723 0.463620439775111 0.335666378728763 0.56616863136893 0.553302381354455 0.327309474515834 0.436005069768014 0.459726308437191 0.354296538893079 0.433996114872239 0.246065646050627 0.379529658033385 0.496787703315142 0.195614608015996 0.413554896053921 0.0640082648397191 0.25215072548352 0.073341224202002 0.444274647920986 0.626424568694731 0.628599298883641 0.357525816204914 0.623046885965336 0.359475204963805
0.706653430568625 0.690679639200745 0.712217368945908 0.674975458543513 0.564562610993175 0.483255269042008 0.58123176507207 0.667126615398703 0.695944504270647 0.620105712526189 0.389217161021726 0.687208712952481 0.470761631526868 0.488947129153536 0.574252199924617 0.551780071303707 0.610213786471075 0.627121820572165 0.489068845950533 0.637062387392684 0.610792745474968 0.52310829632903 0.557024660318103 0.493465562615405 0.560655264567629 0.54933462283314 0.515932170543569 0.431115410358483 0.328900612850265 0.233852256612988 0.340752489939312 0.351812538209558 0.154968684271079 0.078445160969698 0.194980948383572 0.0 0.0 0.211434707363244 0.263486190728432 0.202461245921116 0.545261806155912 0.618558923005326 0.49908606764931 0.531030594961872
0.703451332741374 0.681107647171965 0.718460341332842 0.697634219092589 0.682300655269255 0.555619698120021 0.631960100314251 0.623471556490299 0.571216967398325 0.422827870076908 0.404613854776708 0.688927622099547 0.556797436489322 0.492999313223481 0.514850923218382 0.609960920414902 0.545941993674899 0.616165647872109 0.64340391458227 0.562769588403766 0.621958420203704 0.606299746508037 0.568927351437277 0.456593153334369 0.553623904249727 0.522621340302591 0.306265548099842 0.442070621574392 0.319876355798914 0.2276823864474 0.241420731187804 0.102058674286287 0.3654398326867 0.236234285634962 0.0696662233462595 0.409724462683543 0.0628310583096599 0.389671177483897 0.344656622399898 0.064439753799959 0.202461245921116 0.0 0.49908597619782 0.431929023516091
0.700003310101174 0.703451332741374 0.674953886571522 0.47656328780869 0.580170591501784 0.60511932138356 0.501596521898747 0.607175315856337 0.480564812678858 0.481505132718484 0.62270928985621 0.400508973248713 0.402205928142021 0.451619949790895 0.403590570860626 0.538080057321245 0.51585257081488 0.591106511932475 0.394718585965302 0.445936104969365 0.53930449828679 0.586573035866388 0.571011826004832 0.572947027051304 0.314263109109319 0.359746779172745 0.345554217008948 0.336523617411257 0.459908870644573 0.467619813766068 0.230943507432083 0.493875618488305 0.377536782011054 0.0597070065363583 0.187626395730322 0.154160313668673 0.168611164090797 0.245418449631719 0.220179528606762 0.196478314273016 0.0 0.200094478319102 0.491769604792589 0.592540999116482
0.659934031713575 0.548600841001914 0.568162037049678 0.438883660154744 0.637303398942903 0.703395418435727 0.422720822122214 0.40648822452728 0.418580271517151 0.374569717012867 0.477076778583695 0.522074512616237 0.396116314798503 0.467095098994043 0.517516766487632 0.614099327176705 0.581741596624658 0.609564416984819 0.455175881668483 0.395731624995768 0.436002900655518 0.566954657995133 0.570492058545052 0.582213180944669 0.352406579423158 0.33386865422688 0.367840261395301 0.425094558177638 0.522539974875398 0.520790103970143 0.411761577707905 0.493369529546191 0.225203793554847 0.2243679094868 0.439615074446104 0.384591195295234 0.145357781666738 0.243051619311083 0.338055271940928 0.170260400670294 0.322201625729665 0.106634533181258 0.147293362937984 0.143918877552759
0.503356430001725 0.63824392118368 0.647770426315941 0.555002226347881 0.549315904502045 0.677690096040209 0.570795256677548 0.612045531854244 0.554488030391272 0.376729321505309 0.404675701531499 0.362220757975481 0.404177076004133 0.414378255170001 0.552302807053789 0.573175872198895 0.600618612358358 0.61055302611712 0.618128425795517 0.544388816154432 0.49390286282353 0.377954101453387 0.529355233918824 0.521750282930287 0.446587432992948 0.343982640269174 0.320843350234809 0.525019026271605 0.280530581805882 0.403816820271777 0.414938206779313 0.429215055147753 0.327391267473137 0.203612845203598 0.104685592146101 0.188079796367855 0.384422054105263 0.289245516891526 0.143478348530859 0.354377825106134 0.49224151087456 0.364683407950694 0.46901924098791 0.52888148920159
0.566238926413652 0.512319218617645 0.650417294842285 0.515204891171164 0.610084967947816 0.618944625851354 0.613297996372273 0.475620982110866 0.543973980209743 0.479810119531895 0.449504930826391 0.518980075651034 0.482686233387655 0.584845980922997 0.498491094227893 0.485684879719168 0.46271983455368 0.450503276757329 0.596242435857089 0.610058956373414 0.598214500723589 0.53957991714683 0.594052998934542 0.513717548766299 0.503400158898795 0.345368787117897 0.335670232519421 0.370708598714437 0.362418790840312 0.444414406010617 0.448783847343013 0.329027566585587 0.553660942015134 0.304165856014316 0.279141669129907 0.160848287071651 0.455544352167642 0.522914593418552 0.519615118628213 0.182042700322601 0.141559248351175 0.184060837336568 0.0675315637603971 0.344361877979988
0.520099142473078 0.546755862060208 0.605998216529624 0.512243511450591 0.61526489092296 0.574804790891876 0.607443512657156 0.459777982058244 0.520763258671613 0.389792709786044 0.35626977321494 0.371531512930814 0.35752328649781 0.567431110853603 0.5424205205735 0.534985229125053 0.413763534130275 0.548615010583901 0.578133255788822 0.596038429696828 0.525851841074012 0.578767322084038 0.569003284815091 0.558135166943275 0.352478007456334 0.313143846258692 0.328872650319811 0.377610169498798 0.455522472162245 0.50711990656655 0.416888910667908 0.178055677946128 0.392362275930289 0.414428410477334 0.304279268405737 0.11163414312162 0.236288229791123 0.380396057127219 0.503807697238063 0.441457693032052 0.197727627108102 0.305523337760757 0.216080715019346 0.222576210745298
0.324090272347737 0.331889644542134 0.656412786290191 0.656848036423044 0.608939005911319 0.663835583437999 0.654831247092765 0.514743442991236 0.496755250616095 0.493724015442433 0.485356998278504 0.345853088789611 0.447121272699781 0.366083153979445 0.478094138688419 0.471455267148675 0.523481802580757 0.46829629979145 0.479617785726998 0.47913511300287 0.560752245369906 0.586688053218044 0.346599977905022 0.316830647316057 0.559354067633612 0.511921822677791 0.343628917893821 0.383167179109054 0.387160928360562 0.359115728755802 0.52639894643101 0.339115309519675 0.0731638597369599 0.226488333691186 0.190970873739683 0.0254129214207454 0.13683260428355 0.035818918649914 0.221777858564948 0.490274753255408 0.419609611847546 0.53744470346311 0.487396142538784 0.517246552400916
0.282944501321502 0.278963064148136 0.422377024839648 0.421103740548473 0.382514372629642 0.299028845653214 0.299897466010135 0.365072179968681 0.379646581614264 0.370318320172325 0.366207424927267 0.369618810010442 0.529974221329349 0.538574852405834 0.377560120549786 0.447886659882813 0.543915185558891 0.553331695613945 0.560444300042813 0.497640939962532 0.573532366979056 0.575726932866234 0.436440648098308 0.374211525893572 0.55118656905615 0.544569545896629 0.30164731830092 0.36095280400252 0.51367434593059 0.310808149532068 0.299091875114662 0.536866304887064 0.272722954177462 0.177760399024192 0.414283042617036 0.11909253081298 0.351724219420001 0.135389481357379 0.0344547307398538 0.4897606086917 0.452631777424948 0.217237146836993 0.544830651451197 0.49066253459391
0.351171310589937 0.361250686123707 0.33616955063006 0.304277884493437 0.294545063273179 0.310872597056409 0.449810965815353 0.376066175473741 0.409648925861906 0.383509623333065 0.395169332076777 0.334621816961803 0.493334651076742 0.616650728342657 0.538169224072752 0.491651223885578 0.376213072251133 0.452322963340571 0.551025226346837 0.549557979351905 0.428471587632175 0.517664139502674 0.420854892546188 0.397586039791381 0.504568108181494 0.529179550373569 0.487320004520952 0.513753662949024 0.325360981136465 0.308607258191148 0.516338519016376 0.41975293944288 0.404284752468531 0.395178873358093 0.281299131480023 0.427737962380135 0.348158047580862 0.224308737140922 0.217110917197523 0.486412202688119 0.435255012812595 0.2733623806955 0.100799691702375 0.349004196605966
0.521897889855236 0.468531529846995 0.384133976616438 0.331256329489724 0.357703037085499 0.37347377199502 0.452035636039419 0.353145218540898 0.4337608269489 0.411216636193902 0.40819355922764 0.481508176148223 0.434164391495098 0.606313479816446 0.623195679827613 0.602033740960946 0.524849171126621 0.354560342705603 0.356330013480878 0.465464384226374 0.519220815309431 0.33927786690134 0.373720618121525 0.329050898422728 0.358782053092466 0.510784862322734 0.497472614938455 0.472991937909096 0.545709473483528 0.521316390304677 0.518117290014505 0.423297252429292 0.170151088827141 0.350344458487983 0.0631910158065448 0.535622130627262 0.541449920937527 0.348158120917287 0.345700675980929 0.219601469149786 0.424723865697337 0.319242120163541 0.331300287285307 0.184473035630509
0.60640224950056 0.493979876939658 0.461393359712988 0.471232871370479 0.341219988466753 0.322437498447607 0.329279300154376 0.377389306841747 0.484277144721283 0.475369520255009 0.435412383284214 0.453075220938599 0.36871677118387 0.462665524442757 0.54860078000657 0.596533476787864 0.561271185764503 0.372363461518483 0.363358150370577 0.541610420671987 0.531109503993109 0.500042769832921 0.469065204069827 0.312583491939364 0.472214879118428 0.400463577785511 0.523214401862216 0.52500832818192 0.501104581776232 0.53928850879677 0.390814766498323 0.364780192280103 0.271222439003278 0.360026427700265 0.540872622697166 0.429277910515181 0.351149854767673 0.22272517713409 0.491701012239422 0.486450395515146 0.429327334526712 0.253901015541376 0.310537232086796 0.420632615971943
0.673382095392426 0.624200855877423 0.499582749890826 0.460041297957191 0.399904483022166 0.378510588467756 0.380222009919261 0.450647784270527 0.411140422911924 0.465101536135824 0.467998581711456 0.504834045509105 0.460724623909277 0.460049590658048 0.533820535123758 0.542370408197177 0.391510622795814 0.364007045063984 0.363569539525243 0.524706915361561 0.539130835576803 0.437095140241872 0.370854383558335 0.371572109354748 0.396877703145812 0.472375794499358 0.518372202457192 0.521927696463616 0.414032816401017 0.443636991793042 0.283610160714794 0.422369672378434 0.118883117124332 0.125982748119868 0.0 0.30345777928334 0.132631471426287 0.435395669172553 0.430841750639469 0.545327238827242 0.388557815928002 0.443169740694246 0.316550935041234 0.371619667245999
0.666214453340193 0.61485542264877 0.57711183749118 0.440125888424302 0.433884247610862 0.4326934136406 0.459003738246157 0.52838108045452 0.554409638558565 0.431299572156401 0.45624929016137 0.512300295760702 0.513577415860397 0.478923405450597 0.521665256696361 0.551375658293734 0.547201168917405 0.3615933504898 0.359525681606432 0.504123683129111 0.540309844343128 0.384032285066409 0.438009645855216 0.481237198524089 0.380474398261977 0.533722217054636 0.532579958874743 0.509438131235906 0.476926700107892 0.420082381821268 0.418107815821147 0.305303004754051 0.16381237390742 0.205439896558282 0.223202096374762 0.441573488273961 0.220385869188938 0.351771398985885 0.495158269341004 0.318070663382318 0.488056170959118 0.441085817144515 0.322939927339419 0.389572910589187
0.691770659438642 0.628720369176816 0.632647421569061 0.421307301273874 0.611747914963558 0.601479372039921 0.423990807450682 0.421489896489372 0.623428639465597 0.490051187986695 0.43840325238504 0.554335159328988 0.474898091330654 0.514187658270466 0.530039474198249 0.511276910297607 0.505485520170219 0.327558724247623 0.415832271380331 0.535764532077258 0.542500738404003 0.52346688847796 0.419345170365583 0.476259451538513 0.438669593998014 0.495538658482736 0.37292238822309 0.380732719858353 0.523893408003269 0.491294706348505 0.330286792494085 0.120338002947561 0.453177977612509 0.413952068018277 0.130269656367109 0.200241598849288 0.327547491456108 0.501995924105084 0.498231807437211 0.498540417297866 0.433693298871909 0.51506770866192 0.559217769039809 0.395220773314079
0.555921505163544 0.581103280783895 0.593644273265602 0.521675707615492 0.532186779690808 0.518713986321238 0.568768699900302 0.531525239751022 0.461543172291908 0.450324770143116 0.424688957693321 0.488048172506719 0.417967991694173 0.525873301713881 0.556646275060362 0.41600193393057 0.46711551150278 0.360103047821499 0.399592471094577 0.398117510506347 0.379781893949655 0.535370483263152 0.354418063370058 0.373543710938319 0.36172584159612 0.398417678656775 0.489493925956056 0.448516827982165 0.530136328902651 0.505720862878567 0.48164132499437 0.39619592152042 0.456807689885974 0.238201889242878 0.380243367821498 0.215560252190341 0.542400149547128 0.55569555547679 0.439527301054156 0.546400186191881 0.529350589490258 0.519589506946118 0.417580839499876 0.39795509444307
