data/suitability_785.asc
NCOLS 400
NROWS 400
XLLCORNER 0
YLLCORNER 0
CELLSIZE 100
NODATA_value -9999
[rows 300 to 319 of 400, columns 176 to 219 of 400]
0.833007768124877 0.851253895894636 0.663675371307064 0.81883981964251 0.829736910647676 0.843905558849004 0.881682392411074 0.81146910344189 0.725329698180763 0.731186202547973 0.914399675307341 0.939639303726252 0.947408198489083 0.906767171245451 0.817685316983735 0.370690365468373 0.522334237071448 0.775943277834417 0.822590966925808 0.804797434264435 0.798259181180518 0.799721387677275 0.769306416717845 0.876299755127081 0.863082048382906 0.830962272762805 0.765897371038745 0.797662418576527 0.767471533561213 0.821889633762625 0.771009568376764 0.75120539129649 0.750582371268957 0.748541780234425 0.779791104080087 0.838464064463903 0.85181009307719 0.882358537785368 0.821182106227724 0.764880278356111 0.857827357886505 0.834957922675329 0.776656325452381 0.837752651624873
0.786491019487434 0.851453901542307 0.856144511051088 0.797591166808168 0.78552608076592 0.844641068303818 0.923503196499065 0.847417021600746 0.803647964979994 0.838974452062263 0.869516843244665 0.944380600377856 0.942011988635252 0.943873989462006 0.841822245850808 0.870226922763393 0.666491328190971 0.771583093939731 0.813404166163482 0.767377953942063 0.805007657010655 0.789068535571909 0.767245578296856 0.826381318119563 0.918645971884127 0.917415106938128 0.935785176392133 0.854056157758549 0.745743728283817 0.852405537483475 0.820089319017173 0.756465043898146 0.781094725000761 0.766534437836398 0.78300951696771 0.8085490184177 0.860828182524174 0.90366462729767 0.900602756344248 0.899956246359553 0.880627860725769 0.838594134512693 0.870882654896933 0.786501938461582
0.784031037565011 0.785462978795829 0.814579872811278 0.8802996512305 0.628571886253291 0.634599361935457 0.956889634252389 0.956223790377783 0.832313026498866 0.893484315227036 0.912690728373175 0.948359708367502 0.909177689558131 0.907969770538414 0.907249146059768 0.88695915544201 0.781189473067606 0.756063103146225 0.805072270621127 0.802570741966759 0.776100805603573 0.775024569120195 0.801200160506832 0.938455364384027 0.926606148790884 0.93675750137842 0.896552072352037 0.933208276065494 0.883748712472208 0.825523607623309 0.876144839611156 0.744041325604036 0.758263693156519 0.772672446885543 0.83009753620858 0.858410878713773 0.82966216802316 0.899909293336066 0.87584758021991 0.875328291384417 0.916221158520574 0.767718524134569 0.762750485482944 0.0916879250474121
0.501731838764216 0.499261735304716 0.783623366831568 0.855561927260826 0.785848274489697 0.891427216786155 0.90653516873551 0.908353126177484 0.783931793033876 0.788566808154895 0.875847542432536 0.774767861879574 0.881243846135677 0.912710802955723 0.951263190861736 0.941088283024079 0.909083875048648 0.94728852350083 0.909197006995739 0.794922186633515 0.808443333461126 0.854389199303684 0.9382776956367 0.936220533435395 0.856932008103886 0.878300577189473 0.9268672262811 0.925259091931759 0.891680860887087 0.932580335222554 0.931865246493089 0.764088956432957 0.761344964841262 0.791736559445349 0.813843528107749 0.832403820314407 0.82249847729752 0.854496688463865 0.910553943011157 0.662603803873759 0.91401529777562 0.483406484133132 0.496392012510993 0.13685940052902
0.776916743196481 0.787314950545413 0.822775568491047 0.816558346452768 0.783535159348009 0.842948885058552 0.816022383263895 0.868141144037049 0.772224355624529 0.847640425985611 0.875671219007814 0.937779871962076 0.792835541481644 0.893907686161096 0.9035213937873 0.843900842139362 0.941694501770211 0.936513968553194 0.857276314769278 0.806472817818505 0.770318296637578 0.832587892934218 0.860554962823099 0.796336838551791 0.825671506391739 0.925804744090002 0.856902031601538 0.798958428399433 0.925546444020488 0.926745986017123 0.856697047355583 0.802766893057391 0.871292525003718 0.765281897395009 0.757604313556904 0.816175902061644 0.893346001774684 0.738983907954345 0.852571686783154 0.875387016924997 0.475745909123064 0.584744672548001 0.598087728492945 0.256286736292563
0.852716998123718 0.786244415355671 0.783254168852747 0.780474607947714 0.854623316073042 0.864660307708684 0.780792559191004 0.874636085927353 0.821549833012472 0.911802784904942 0.947178886666951 0.896262832440353 0.876636694104994 0.952235934721448 0.914769772913627 0.917751449938794 0.943801898816785 0.904800872298896 0.81288646672949 0.806435977303825 0.777941527659239 0.752854134779794 0.866223102575795 0.939539639923562 0.928988260136189 0.938041019301213 0.803503525066062 0.847614086805477 0.924934590905701 0.913479689425818 0.875165798665466 0.913436936445443 0.877831692121283 0.782715540906849 0.78976270662745 0.799228173415519 0.878132918134906 0.749382110462912 0.868758684557849 0.524187642914045 0.900769215423516 0.617852353582084 0.280581970980512 0.086404238391963
0.854138683214381 0.851954631671209 0.788725588337853 0.779721791096156 0.826676794760043 0.800666100692899 0.843915595934573 0.951877277657678 0.899920250383898 0.892336077364532 0.873254442749831 0.816364854659109 0.891154299429356 0.799891690408351 0.86468029957529 0.913961023292729 0.885713596780611 0.867133167212057 0.8059776535186 0.787332080816891 0.797927235532862 0.791792835092432 0.877279170111498 0.93303475639309 0.884353510917804 0.827680159511641 0.888149800956514 0.825087242651817 0.838262651502885 0.896926468897398 0.894803795602407 0.880597781585273 0.875283100267715 0.7753433904023 0.789367326294984 0.915339764177881 0.857811703915293 0.421262679942707 0.768688107307698 0.818713302866946 0.869527678404655 0.391242558773325 0.500369469111039 0.117212598661422
0.603969975462314 0.877805061632851 0.665973703171696 0.829412671471126 0.827773777939675 0.806108273254369 0.885903115032332 0.937564359867604 0.925428271775447 0.806154050847427 0.916271749733054 0.812143107781003 0.89635506319653 0.805531127517834 0.934488734748249 0.869725105977133 0.85871468108757 0.816957337199107 0.808300449861148 0.778431719872697 0.801118372535803 0.831851905828614 0.799385203136679 0.834958818902108 0.924811425095749 0.834063179824205 0.828956670987417 0.856631666123109 0.880449518281811 0.807202236481273 0.799219392530981 0.93016019039824 0.799698515144041 0.805747481605888 0.820675157905118 0.86579071558763 0.775121775992213 0.791950203985088 0.393108020158066 0.484168197489865 0.899037149252823 0.686795015980387 0.0900340493473335 0.479036200817701
0.872221394041424 0.889058795629611 0.943113654701516 0.821506587333526 0.890402427657576 0.838706656054887 0.88109180642869 0.933061322205279 0.94034111247594 0.608303097030097 0.938782297348041 0.942490571883669 0.861458216710519 0.813573467268061 0.798133784255368 0.942654123875963 0.841413022296647 0.814048882982994 0.890348195757684 0.780815959568469 0.776453236588029 0.798734751823778 0.825451725427997 0.76651829863903 0.830845939680853 0.944726901862893 0.891000012016218 0.862669525271042 0.829780775276445 0.802244775510745 0.859202178667363 0.810948543529496 0.782646425058252 0.757618609831667 0.847341749797702 0.874989958490704 0.782638396213732 0.752764067221818 0.749578400266701 0.258883111973193 0.901689215124983 0.713847935791144 0.368426479924297 0.186196654639801
0.865771558267763 0.903731587566244 0.929208025899853 0.949894855566731 0.945909573639449 0.83898294430007 0.777342339889997 0.943523910734394 0.944226281130665 0.770152803400617 0.871831867422943 0.868942628282335 0.783074076676357 0.854823684416802 0.883401379008435 0.561033422287031 0.941441063716676 0.798019014736113 0.87050511042766 0.809281228352728 0.807928550425249 0.73094401230516 0.773219879364192 0.768587632859076 0.83081651494738 0.882453553139486 0.876337612063876 0.818808067618373 0.790245818242596 0.813249501569488 0.795418880334214 0.819487204239177 0.821410004123441 0.7553294319755 0.852172953534982 0.787421668926809 0.233286305807293 0.752373289539399 0.481316307374471 0.805178465694617 0.641528854133725 0.15250434559977 0.14813341125373 0.238931966402274
0.793209596186022 0.770432264054863 0.778933223575904 0.778967929062013 0.891664827738746 0.868917147126416 0.802985772277792 0.882200876658534 0.942995564368014 0.874543158646292 0.798169450675921 0.780258289534995 0.809830934700643 0.929612651067689 0.856871282353905 0.432554996552842 0.922001652188071 0.843611526462718 0.948574089704409 0.891070943206172 0.831564703170937 0.884515786748903 0.884992334391469 0.804578225805182 0.732798546089477 0.786502895631111 0.800058353409419 0.788297940371411 0.868903742458227 0.784982834433566 0.778288730141316 0.793365735596314 0.758524286065965 0.757151816643231 0.783044928628141 0.507816314479071 0.753919196761984 0.475384481691366 0.581624110511413 0.893043206136621 0.893734482763627 0.406382613580338 0.195888122795374 0.0199001810480844
0.76224150480547 0.224698420144826 0.579671247667505 0.83237007738414 0.777963496880264 0.776233911247264 0.77525310023565 0.233557746272794 0.7366215787326 0.934308653977379 0.928842892721621 0.885218465301827 0.78189705502555 0.896560283465334 0.837035816022304 0.848645829520423 0.801235260210996 0.870817401982348 0.86725641819895 0.837955202159793 0.811964188362214 0.938278563433886 0.883977982239396 0.75697870425637 0.792964357643205 0.803953488517874 0.9124083166756 0.794305341223267 0.867375680080048 0.768958642738622 0.650719457507789 0.796809441830026 0.774052184220616 0.262659829299865 0.23397679704346 0.233926077611047 0.0924409389900391 0.769374368770967 0.528359205271146 0.605655690471451 0.227306529255582 0.500888146221592 0.0458043815223069 0.337156332307879
0.811631043393201 0.778303604542932 0.759644594043402 0.811477263023892 0.579278804554077 0.776631950075157 0.777369077103539 0.499643060138799 0.683952840489093 0.903774386055827 0.934226459888599 0.943182610444099 0.9069885465126 0.890579202290866 0.810454983707645 0.86201727299034 0.83680123944891 0.813829287594266 0.889345822697075 0.772750598676283 0.859490515764997 0.879165022451322 0.857593217621047 0.854946266336695 0.876726840397701 0.853007225196006 0.874506976832907 0.928223405776692 0.796467527303857 0.804363577178423 0.663894446941803 0.527986851016789 0.761612418323484 0.234519454627561 0.0 0.0 0.514185399529487 0.864572342832878 0.468547024807914 0.101622501064182 0.30769099853551 0.114524075750813 0.0592777122057619 0.625327609024596
0.798054279193079 0.807556399377925 0.556401192938136 0.389778628358293 0.0615684489720366 0.777278407157241 0.788616752815031 0.870350137647613 0.6993413255318 0.937195856413998 0.939075252185144 0.923755156808285 0.859227760171338 0.824327035030141 0.842641433130334 0.643038616933799 0.885819502848535 0.895497820467453 0.765815819597687 0.770887415077835 0.770151496021205 0.768851887707291 0.746378269730047 0.783765205629468 0.825340886887913 0.837758487598796 0.850508797736293 0.85794432968009 0.8391323114843 0.906106403065697 0.822482005469961 0.870065387526781 0.761728251396599 0.235075501394464 0.0 0.508815068276708 0.75694822975168 0.154116903018514 0.372360238054446 0.285390377954568 0.123669046062 0.302852206081983 0.344231416754018 0.235700128776277
0.292046403551329 0.329614751606036 0.718187117879097 0.57681478377035 0.775057954292329 0.809711739736015 0.809711742708901 0.798533409443492 0.850359828645678 0.8520850117203 0.802721480456974 0.851373361170811 0.809774339822696 0.864578976398132 0.868934787217964 0.835103757908452 0.803060575185748 0.809376532331395 0.776829920337977 0.80448250318113 0.770926979380165 0.745504888194028 0.842253109108054 0.795462030168897 0.838374976570595 0.558454522955186 0.66344677609285 0.70077983510962 0.847586801674969 0.801699784161794 0.594638248330694 0.526531451406593 0.484573879690595 0.483648095286766 0.47754403273674 0.595079730847354 0.335762984643982 0.0626015474400703 0.00475870439009645 0.271600546083565 0.0895191542714183 0.27477686229609 0.369523573777256 0.768233592041444
0.942649350539551 0.545129150885945 0.931845635124841 0.753585910286155 0.837280564427457 0.7588566647642 0.774996035509679 0.807896938342462 0.851357577293954 0.788788198367339 0.786180771289513 0.85108085879477 0.855574235984317 0.792384943051268 0.804253415849658 0.894259114541862 0.83035669239176 0.786660306141915 0.800793752052268 0.801691939131501 0.78476165642493 0.832250031571784 0.838942480164476 0.692344597064791 0.767664641445925 0.615822322092575 0.854561634481795 0.838444273862747 0.91565779009664 0.917474760408032 0.0999122118996808 0.170827012862246 0.400980644884252 0.487805311266626 0.260175694347662 0.382347439907923 0.0694449622826267 0.00473361439561308 0.0227723469192171 0.0122725073775019 0.0412763502938933 0.239458326200026 0.774231641904526 0.77095695891178
0.936314679454308 0.926456750791944 0.935327525678887 0.714834431178521 0.835004640848263 0.754007997469613 0.773594021634552 0.808791617471931 0.811864148924205 0.840451565844091 0.791723143574127 0.764266150610967 0.82677176461943 0.831915903183726 0.924317923982734 0.82923111780141 0.785323505061482 0.806507272459598 0.825354035351177 0.92498932603819 0.925127699478596 0.422041725438959 0.550546757612848 0.798549316222343 0.491782217895048 0.370730133492247 0.429300606757368 0.383668916892088 0.497496172331251 0.283191179503908 0.325402773383608 0.283264584671601 0.496256361948179 0.449066698893582 0.343336716479848 0.454175792314455 0.454398344890929 0.0371769740243333 0.00722948687424149 0.505240072728256 0.767432933092141 0.0946737266243728 0.0944741643461025 0.770713057214919
0.507193113751735 0.926456750791944 0.935095076829356 0.668669262736578 0.65621790114258 0.753245834047314 0.799497811029273 0.773670977780254 0.773036738977905 0.778131078200798 0.792720450888273 0.822803143600554 0.84738158673433 0.768102195315709 0.768993296986299 0.798267411357201 0.801377602273935 0.851726465168955 0.873863656919133 0.610878202750096 0.392138283652615 0.266059669486003 0.301489807688707 0.462975718305434 0.475514939633802 0.325002070722785 0.388735821458885 0.343766745907994 0.349749300046255 0.28876262910886 0.150958048805442 0.103501827106403 0.0 0.0284027787471784 0.0371626326321539 0.0071923381407558 0.0201348694999143 0.0929770527886297 0.465945468346347 0.236938879056814 0.770706221470398 0.511239394942962 0.778944426279069 0.851967101097189
0.854170191122684 0.937247348921545 0.937802827946381 0.93860737615242 0.593800682762908 0.796188368527038 0.814888844706247 0.759706494544543 0.770351962108617 0.770697447772067 0.769783227108823 0.755793107724242 0.754189408779981 0.760580642367254 0.74210435310349 0.817484097063119 0.69624463675377 0.88409915707006 0.417627218412841 0.175960612604946 0.170776651526856 0.0808369657150383 0.0 0.544344695238266 0.455314372617152 0.475611416044849 0.496532357928766 0.617912954175675 0.648696077986938 0.875065229183983 0.799644877305187 0.729871259947045 0.537135633552544 0.276579662555643 0.557038730166509 0.476969148922441 0.588069381746729 0.761728251396599 0.891633472319002 0.713017673036827 0.888275185767746 0.929647024728404 0.887765586961594 0.942990997576372
0.834554994813352 0.93258622174466 0.936903218325624 0.565034504699851 0.11845870861194 0.46686186896644 0.920393001990026 0.879212538412955 0.802498805587726 0.768694063205769 0.846221143748978 0.810976203982956 0.766494579981794 0.765297958824025 0.760259889656189 0.675782219536441 0.916136928156595 0.798225808165432 0.0372027488258008 0.383749353930022 0.479277271647403 0.285081589718482 0.512384046569263 0.591724367258225 0.604517648781136 0.34416532927061 0.510184422268956 0.853497814588815 0.739064062701552 0.820025854804367 0.811020865739841 0.710355695411257 0.27642994587316 0.559201530927878 0.0927133884881878 0.0926396959184 0.745570280777764 0.832006055181862 0.647785475723697 0.828570633285177 0.82495739821593 0.838342130222462 0.930043476935085 0.933444620633878
