data/suitability_32.asc
NCOLS 400
NROWS 400
XLLCORNER 0
YLLCORNER 0
CELLSIZE 100
NODATA_value -9999
[rows 320 to 339 of 400, columns 0 to 44 of 400]
0.641140930131836 0.647247680915501 0.75055205496932 0.696164250402949 0.782239866210346 0.773115914746062 0.813274940069707 0.811278865185265 0.748851745689195 0.725228659305672 0.702212837016774 0.67983793267314 0.714589465783315 0.706389607463724 0.646852258671974 0.665739640557517 0.63162823536485 0.679237063393697 0.6620746251531 0.690720485256748 0.781655365997524 0.865412529132946 0.705425399125926 0.822916859044639 0.898093045585791 0.913471299324119 0.75192710390152 0.903425875071893 0.878627237634711 0.793882654845067 0.886875790701941 0.780973772382046 0.787424638432699 0.775882014014812 0.761168322108669 0.800262669732974 0.799070454854924 0.650917669436733 0.746696679011678 0.750371940059067 0.75382098097482 0.81791342408419 0.850151966331757 0.862926681159795 0.697818097343128
0.703614859373412 0.714277014548307 0.808020258585169 0.807138083967083 0.761704336737143 0.817178000190553 0.647217712099065 0.595344285781722 0.770556559171955 0.68814115615174 0.776107427176703 0.767899863359253 0.69255816058687 0.744700237639784 0.71656719904749 0.671350240079496 0.669663668972082 0.703119885746293 0.758099683905138 0.794255742539308 0.876506309761094 0.862055212720876 0.744249348195282 0.86571811379678 0.882312157736505 0.910779188190533 0.915549732197895 0.904028742204787 0.809382326200488 0.810181872690631 0.698605206463602 0.686467077747571 0.707237381184576 0.743099515508683 0.722573330064447 0.7619255555826 0.745111230540765 0.72894876620263 0.731449924947528 0.730141115047141 0.789325654845142 0.601731834874743 0.686211866840512 0.679908904854164 0.576491635753885
0.798593426624062 0.718772910171984 0.72057242283841 0.801529440562969 0.783711615870717 0.764271537313736 0.564193321713298 0.406808020589387 0.0 0.0 0.65582960837245 0.724685744602321 0.700746431844095 0.751602095690802 0.757362653568515 0.394441736696418 0.367203770892473 0.0 0.695488805684528 0.878685239909449 0.827451217376331 0.868887151816652 0.659896134875723 0.675149175145162 0.912308616012179 0.811757394035871 0.815147556736362 0.878342257028548 0.875716108304508 0.799598378041369 0.772244309212078 0.871002082681762 0.618900149586235 0.796646306440448 0.470552885239158 0.682561407672885 0.755178613047198 0.746367687479684 0.810322821310736 0.826677249188786 0.601137875426644 0.845414524298858 0.870511966434691 0.875335679264227 0.896475562887412
0.801223777710303 0.673185828793085 0.561014038876001 0.65488211296431 0.620385960275158 0.758592130981625 0.599806502460742 0.744915804104159 0.578061378426932 0.764138550214388 0.770244418425598 0.78150737592703 0.811852898996459 0.791292842482751 0.652530556842097 0.0 0.441143571717814 0.747494388816181 0.819178449790644 0.837258847991856 0.759829809666985 0.764369230298712 0.812821756216222 0.885293018628872 0.865561039519801 0.866266573511424 0.764084766982199 0.497240359910884 0.798570048884012 0.758145495572943 0.638178202042882 0.807289109132554 0.78388215424233 0.778375945556359 0.776886276402389 0.776475673414674 0.801737844804336 0.805379798523264 0.766811903278807 0.641292453013482 0.808353055407215 0.708633728230509 0.752786239412536 0.860011816999308 0.8972114472855
0.765885847781072 0.752256503588588 0.748710715808014 0.755090732156434 0.767897183187799 0.348223225570287 0.398941810855891 0.719174706186673 0.683792822093364 0.689400282210604 0.74304769583018 0.807921123750142 0.703353537809744 0.826677347646987 0.685136204168295 0.846800427038353 0.742972239964923 0.703540541916615 0.777759460212397 0.549346696550555 0.897280117790925 0.896245754949715 0.730915763776206 0.88625815358368 0.795447280974708 0.344936618302183 0.521436102442115 0.860041904219741 0.860332124945932 0.831542080428141 0.810565663818614 0.801044278411833 0.777858855297825 0.75686566252473 0.760965390295988 0.770816922527724 0.777172019223897 0.58397079753378 0.738911762482455 0.798490676742457 0.779310641826016 0.852038236512072 0.865771692246323 0.867533683018386 0.78703126822589
0.338667013339032 0.757579172600779 0.767503297311533 0.751688967621455 0.728593357941786 0.445954877415544 0.761548304576312 0.67612699382409 0.72463509214844 0.775225623838215 0.571371349955678 0.634189302145841 0.692285715465257 0.743879587051325 0.872124468763969 0.704280305525226 0.653588137933755 0.839134306435367 0.8917412746867 0.791782972879901 0.620731985093005 0.875118502291927 0.889752551941357 0.793444156235165 0.847453997923449 0.727221587943977 0.631164816152513 0.802381793078995 0.824371145748434 0.811925079006068 0.795710665826691 0.796719166332082 0.74537996151743 0.760441658434556 0.757619390832212 0.739422234392502 0.408980351637495 0.786487256790686 0.793080899707661 0.734044666742855 0.83225273866151 0.842482252834324 0.807393436422614 0.87801306245747 0.900408271467748
0.704434824517316 0.741441150060304 0.722102806954183 0.739694749456676 0.638710284977242 0.670476489017862 0.744332439897261 0.407193406931802 0.748198073102274 0.778178149340928 0.832711597248488 0.826149081594603 0.71075036250039 0.520500186215334 0.682132837972641 0.895835244900041 0.409172247220069 0.803857627046008 0.892685142443797 0.693434747810233 0.787534382188943 0.794388386714171 0.860547749080909 0.869147455578394 0.719541008994359 0.713907083167657 0.811610828317768 0.789145331465596 0.773562472541999 0.715688338902248 0.736955942157627 0.732321905460626 0.751382120555305 0.380484779952143 0.394967232398798 0.749874438841627 0.757428899867834 0.785979001196137 0.77351733173017 0.800547308600779 0.833112493535501 0.846883183933361 0.749460073713782 0.780776938072398 0.791115190594345
0.56131164164867 0.715804434622618 0.707453031273406 0.648980246759394 0.720174419140526 0.714102053975448 0.735814618629178 0.770642245660673 0.637001867440025 0.622570826437144 0.580380265902945 0.443043831678033 0.396913171989943 0.403102454909218 0.40733722745217 0.409357983430952 0.905483815318113 0.793382988274077 0.847063115980681 0.471232436901729 0.833628715615499 0.838664891286182 0.718056265835449 0.741646037774047 0.861235991894093 0.834906626200193 0.81222206131638 0.754312024867079 0.755036581827107 0.751176630086573 0.730318763594369 0.738936316473369 0.725899757094935 0.61458643387731 0.612056984295142 0.685271019972092 0.633737118167388 0.723231133603771 0.740440609680288 0.655206844941852 0.827770628733284 0.849942398594419 0.816116711989499 0.884317077920767 0.571028762704873
0.682841788934707 0.72471375030499 0.7317754006914 0.661780483615167 0.687351792252311 0.607539210879269 0.680898332215219 0.753287177400429 0.732402298245908 0.766210754265871 0.807484406167621 0.73365721895641 0.386646768971255 0.692620897636798 0.626208421452661 0.398501937980586 0.538352913134904 0.810247882137573 0.773207955804098 0.847577665869185 0.606714875249955 0.793755625930918 0.819583331422297 0.849214291016328 0.841396795849088 0.828626153715858 0.809072427091752 0.62115103654952 0.555546331667761 0.346213744306977 0.763530450609778 0.754200584082505 0.603287673972713 0.668766157880102 0.718487354740751 0.748630837574383 0.777105340535819 0.696140420106406 0.757194048809221 0.828311426841237 0.388277345881919 0.397150480450734 0.614817297703008 0.619628669130556 0.412287810451827
0.741697015322245 0.666433005415266 0.257339635315219 0.110012516551251 0.0 0.0 0.391031860718534 0.405414828354382 0.772282642475455 0.704972845641492 0.805004428747223 0.514364194111324 0.770391707593999 0.795520280929514 0.531833779286868 0.678160751236953 0.664849290692723 0.780355158884219 0.814668785156672 0.691938509123209 0.695535477561767 0.724550579093716 0.182383600638562 0.0 0.712392363852396 0.717085729357437 0.796809522403853 0.665236831245691 0.410465219447954 0.39923507731874 0.562539107190551 0.765531101377053 0.708814385376989 0.606385006748708 0.689698529169516 0.699516752952856 0.683135392671556 0.715591581527641 0.80334779134537 0.706976050277287 0.777258522064657 0.639162475780578 0.490106286750724 0.49214810787718 0.414351262790494
0.778791140029609 0.78155226654947 0.56461861135813 0.121506921302789 0.143297094078225 0.226103580766048 0.589599206059026 0.354704688168105 0.387370061290331 0.674921253623353 0.726613018989156 0.605785855321377 0.756434519482475 0.790596749205707 0.773172097477763 0.751472632499859 0.682514591554114 0.697307040429531 0.709943752479848 0.794499731220563 0.793192029087094 0.754236341375214 0.137409223092921 0.0 0.135806823771166 0.697889406082569 0.691297982579779 0.772192289235055 0.765531101377053 0.757091679707114 0.755389172966225 0.723977704222838 0.757339902386008 0.74790830380806 0.374218192847238 0.377899252923144 0.846707673833496 0.805798962344669 0.727867596740469 0.821813301410155 0.86639634075324 0.589743862635974 0.882520081399197 0.850833454768464 0.788242819689989
0.761318443042225 0.713518208394219 0.611881815125731 0.74650403265468 0.710464408704519 0.605873536054726 0.705093948759447 0.747762340677275 0.773448517125397 0.699169735827002 0.775596305417986 0.77889299763381 0.738125644626628 0.718579192814233 0.749650553641066 0.782354341485599 0.777237984904698 0.739881838787606 0.717461311397331 0.783611750160577 0.409729873956657 0.723344564447171 0.406979655115948 0.354993005138564 0.719709382273327 0.704274132155726 0.679556856922735 0.676496367282695 0.676750726996537 0.671873710527046 0.597592250619578 0.542040817388051 0.516483064453325 0.74163225584275 0.739301624814945 0.704864273054832 0.703757633952119 0.616134634785985 0.675311202010716 0.766504436227722 0.861073976380403 0.890169740021883 0.490770102030772 0.491444878126477 0.529290835541008
0.765967199086228 0.771902710119183 0.778131764472994 0.707607133547796 0.785186455587821 0.779891536459197 0.341136494422096 0.620263524426383 0.598329040600879 0.555054986768786 0.667984538767955 0.677166121840916 0.745051039677701 0.745022994335788 0.64634679617111 0.756857718362558 0.68460034180837 0.705273629243687 0.130496876486981 0.54980720347599 0.751878689255433 0.166587472591764 0.664087190712125 0.753783064826245 0.643732544292939 0.744484490188184 0.682736081042984 0.664087175914285 0.654588065938969 0.648667096716202 0.66826124318172 0.804604617450543 0.769470674789675 0.635161883006677 0.681080297490761 0.853798863817357 0.880569726611696 0.887161803967476 0.875814341803182 0.87307673122609 0.776424164017131 0.811480691729129 0.826842313566169 0.811386569882593 0.84281512814901
0.46447274890181 0.583406514900028 0.665922833176234 0.563996267206267 0.652429965701482 0.71483816532763 0.649189820908889 0.694704716614254 0.356550606912052 0.126718324250245 0.230577383475105 0.201399084298238 0.580983634420226 0.70144197511784 0.687697375129903 0.682948145027549 0.649160793088878 0.603655672355039 0.586940781033885 0.585851928378109 0.59076233752433 0.697827176601904 0.715739618999777 0.744787634939769 0.640516003124914 0.669877164053081 0.722817027036679 0.691025205069881 0.68392045376401 0.271330564324929 0.452199413701456 0.774735809743033 0.828345568520848 0.852302878525131 0.842345273680201 0.802302558667736 0.820037814574365 0.689308883441358 0.785767738935727 0.900446972063347 0.88723770054264 0.868515116567563 0.887947716900839 0.87582230811009 0.917957373301203
0.724325266854206 0.648119451266109 0.652357287213328 0.741485658428474 0.730070777702321 0.454420033074238 0.689585177222004 0.523106158062757 0.70144197511784 0.723826431283974 0.111981594196891 0.0 0.0 0.063876015909146 0.507336889018039 0.70607954257761 0.675579004039581 0.701073024167348 0.661499099868136 0.721359975364106 0.679732977515108 0.640283294387148 0.64400957258158 0.752247372161785 0.757381661723095 0.74172550948607 0.769383642395848 0.721197133243407 0.34903469407853 0.517460874486139 0.754176085222617 0.315060295044465 0.277669993149438 0.862183543842603 0.794142406082719 0.768832051065294 0.747562966488005 0.720840337081757 0.787707896225304 0.795530749504265 0.837626636431745 0.892054500577004 0.902518941507983 0.806928003464257 0.673818221808437
0.708744613589956 0.647956776649046 0.65584689917976 0.624703207479104 0.680821207112073 0.683888199761649 0.312710786922773 0.721746124710381 0.682665169652353 0.603639886934864 0.222435478919344 0.0717712704000784 0.441627679969774 0.534219800362452 0.524438012419544 0.609976037884522 0.651332708945724 0.632141288860846 0.735627293650062 0.75791998814146 0.667368150267338 0.72628522844382 0.744695878267305 0.778816443065569 0.753379171899526 0.786077000669841 0.774138716378819 0.780839402453461 0.762704122204557 0.693978597350223 0.692471595407185 0.792516072307478 0.712507355778639 0.823909812522729 0.805802543882789 0.746813478056455 0.775317655239878 0.816353904622015 0.79152010380253 0.836521414402714 0.85326005762773 0.875035149509884 0.821598951362672 0.89511588109174 0.887080440451933
0.533054608136068 0.518586381198771 0.583381464240309 0.668246726284789 0.561771130279033 0.569606879454641 0.642380637500679 0.560211061585893 0.687226553116528 0.643683186692821 0.323703964716432 0.261766209223041 0.670204004282811 0.711005017556836 0.62542294870723 0.721126006410903 0.705304660276538 0.683360426938687 0.750099667942092 0.76138270639686 0.685034722384825 0.654722328947778 0.783226916551958 0.704646778514139 0.673361644050124 0.77290254546324 0.772668448220436 0.804384256465616 0.824498200706235 0.746703081372996 0.707025234513419 0.729817875697804 0.746862892021553 0.677241499685974 0.704582992768942 0.784592894761545 0.805154832963963 0.840684973516432 0.81024728821063 0.768315840169705 0.782197760972795 0.791029219321083 0.818601165498081 0.855233582410271 0.8011725570226
0.571875020941968 0.295876158338715 0.354926039215959 0.670419756165591 0.661574394211978 0.627766205613043 0.067757404864841 0.5167892168918 0.591665584523978 0.661293658962074 0.665537603896912 0.686011664767048 0.584807382878347 0.675979545008891 0.681560383794683 0.613220706672301 0.725916115597342 0.707149005233738 0.737034351706076 0.743011690350858 0.673605263785095 0.677028104765408 0.6904083758797 0.743247900508941 0.747132454394361 0.7853072550624 0.82125102721571 0.742770954876827 0.715193588476416 0.719070414780887 0.82078230430179 0.763240178323789 0.753834319123204 0.806061411274838 0.810369573513543 0.733952624280946 0.7784051693546 0.86862407012276 0.880605247324006 0.82071995301615 0.749722751583444 0.794515114209305 0.901722325051836 0.857111491509365 0.835966627893821
0.578256072105546 0.510341265163289 0.549306230551064 0.626001083520075 0.60774721410079 0.530411063854026 0.465848383837889 0.565152185879702 0.598395720335315 0.674110763419503 0.67965560492665 0.681634644761867 0.647834730708589 0.701684993342073 0.711408990168815 0.685265708086813 0.731864817816056 0.632599887451598 0.732315940381127 0.748465282378014 0.776979249042047 0.788102864038958 0.759476055225346 0.784717162720134 0.778559137040733 0.791554779455179 0.817838196818698 0.782154079872606 0.77076809282693 0.723794256594888 0.782465044365401 0.709258881132519 0.727637241200711 0.797204319423006 0.748417664956368 0.796463622941954 0.689797141456581 0.810011378504784 0.763464845016303 0.833483087271258 0.826758942411773 0.867515916720724 0.887353664361248 0.713683816020849 0.670760293723445
0.243665640527377 0.641311449681939 0.530188039370419 0.641311449681939 0.568765177913079 0.646407404517409 0.641534173139245 0.622305731300787 0.573890820204953 0.641423679713844 0.648595885870155 0.658322817267876 0.660715321045321 0.663829144951683 0.699071826563615 0.677498040677885 0.726858736722603 0.733891616398058 0.732165525679161 0.756337467759971 0.776237503193438 0.781180203890586 0.792206247628048 0.796549215865504 0.755701456097251 0.705728852493081 0.729268343743102 0.717673096127049 0.72120143469144 0.72819901592662 0.788936592867494 0.731209111238009 0.712492658739775 0.772218265873191 0.744100918510646 0.572972834637613 0.507990483097996 0.443848181783458 0.708432342328187 0.85195082330053 0.838148082918388 0.855601349360291 0.874429790005001 0.543025884926009 0.781456419252914
