data/suitability_223.asc
NCOLS 400
NROWS 400
XLLCORNER 0
YLLCORNER 0
CELLSIZE 100
NODATA_value -9999
[rows 360 to 383 of 400, columns 53 to 105 of 400]
0.47321725083482 0.508120319965705 0.530297737254937 0.520215304124618 0.51277255744495 0.488721576967138 0.479659040751322 0.493711904330883 0.3995359358139 0.52152049928534 0.368328271480835 0.0971685852691014 0.185859438597331 0.47590905508192 0.496139772927926 0.447309566344175 0.280286471929606 0.380000664026941 0.424580957452121 0.487931800310344 0.319811578663151 0.451146253102403 0.304462503285285 0.237227269167024 0.161556869821527 0.585274938585006 0.520878331134305 0.572462250088551 0.576450788965491 0.57939771782941 0.574961017675493 0.604439744253366 0.451946411548339 0.355561277685869 0.370284257489969 0.390765489408962 0.518827073414546 0.770405051957801 0.736996230929317 0.835968957699315 0.826564838100482 0.816032789851034 0.712981623591858 0.67088991881949 0.659480456451056 0.656076498406459 0.673892706124809 0.716786574026056 0.807689384559317 0.61309005129489 0.747640196375796 0.784428810455933 0.708369257180866
0.494778880002826 0.501548961556748 0.501960796842245 0.486990634974261 0.471055448815414 0.464472028569986 0.457418052770711 0.174202234883661 0.0706183913867348 0.0802440367347876 0.364330558367958 0.353993947369182 0.372867002959792 0.441382428268161 0.395177849933676 0.412889112686872 0.445484765168373 0.432493136480481 0.453320823328357 0.463435094981838 0.489967590208843 0.477393332437908 0.44958436590127 0.45833651630052 0.544868893700785 0.0 0.106576062511136 0.6055343053779 0.522242684273316 0.582300701829459 0.593888664665011 0.631536165993989 0.674639583793607 0.601644832289508 0.646931478609038 0.537235676984018 0.646525073084847 0.586606760995664 0.665175368049757 0.672470079314921 0.713707643004284 0.650804786965732 0.695766267078404 0.699823292848073 0.130388439007614 0.678408478553608 0.717243042849306 0.668187900083327 0.675038365077283 0.677418028135315 0.658397671585935 0.678509506711738 0.749603389931735
0.48013515744138 0.480880642994469 0.472440731678629 0.488397637795235 0.497319196184551 0.51542978072701 0.468096624817513 0.324071608608434 0.274507735447673 0.193545895964577 0.237365837756592 0.118679282955898 0.515629299108656 0.327732181091603 0.327073412747422 0.279444576927261 0.453747071439907 0.484626907142605 0.52097799208682 0.572409596876129 0.527848589498769 0.542872868674442 0.536176801798505 0.512807703752071 0.586791697127092 0.658291228108426 0.580656214651651 0.556993539382154 0.589822161502301 0.591515705625087 0.678983749442498 0.709448855885139 0.628996823524534 0.676789902340576 0.646364883369334 0.657448152554205 0.694219094059484 0.363313855164327 0.595297022848636 0.615813247766244 0.663019549491404 0.668362281443789 0.748507649073817 0.646439263884677 0.766410770439974 0.734596020267952 0.805055134032534 0.81154460471809 0.682816294401344 0.674664047873215 0.66960789112841 0.686800413831439 0.753176657050031
0.489682732856191 0.494395617275562 0.467322467437397 0.278416618366382 0.476292592609084 0.337002947240218 0.109523825126786 0.282820624402297 0.37583939394047 0.406938246061948 0.275485126935767 0.122723751096991 0.310602985278945 0.456632368409721 0.446286757120389 0.334804933511651 0.294618531164796 0.463914274888432 0.523740336838107 0.486276108649524 0.467844450071029 0.461848130442866 0.630263011647885 0.324902457026234 0.624162526583192 0.592468715087958 0.582136159298982 0.46329405461044 0.697004032505211 0.538708615672371 0.551995344185825 0.714578926420367 0.622261807446543 0.623264352916156 0.660007669602815 0.61824102843042 0.591037322152675 0.604439744253366 0.676494777228425 0.52638647448765 0.602520772769399 0.828602225481415 0.836841174609387 0.774957655286383 0.746829963442974 0.734600143529381 0.828711285684255 0.82516750526995 0.713332362969753 0.691314692567535 0.677855031743009 0.50116742106429 0.772725748930788
0.482421370020989 0.474736011509824 0.503598800496563 0.468993868210757 0.463098200771231 0.448696755008047 0.430734358787069 0.263493036010376 0.239665824433678 0.211200780304474 0.247506819698659 0.430214162139405 0.438256819944058 0.333331393700586 0.350579410427754 0.512973700613789 0.508120319965705 0.504244132419141 0.53467428216949 0.657927078060108 0.528088958693932 0.562213381287653 0.578165970045094 0.56266840836382 0.671267546049183 0.501948775349788 0.667222975966437 0.628195921815881 0.701436468578875 0.665267130333415 0.360668578351172 0.115439880452775 0.0 0.620118229171035 0.628925510892821 0.354562022438567 0.592468775507335 0.592468715087958 0.614083134999804 0.690035144304265 0.652442812598136 0.823678875628456 0.700381603721943 0.750269013914546 0.687467473439793 0.685983773072244 0.797247983318704 0.649554960430583 0.424373965559093 0.384564332858645 0.564734573268877 0.81792925837139 0.644846488669712
0.471948210234679 0.446823666103988 0.294571179904017 0.298168310216643 0.478190548716399 0.485465398175144 0.521841558407932 0.459149863496008 0.374938454717731 0.300909179300019 0.353058751147572 0.260308113696116 0.345772205025152 0.394954437612176 0.165905583141375 0.171371931995001 0.552540155460161 0.542794422753426 0.567377963128546 0.671555165126165 0.52357326142988 0.666358086905081 0.463517625691341 0.314528134132417 0.323064916086952 0.620702094037773 0.381731516422262 0.587897195486323 0.616731335149837 0.491064450888417 0.602978547596927 0.586866083814863 0.605106827704959 0.64609352107786 0.635723965604086 0.715979853019822 0.623741603149102 0.644264824016262 0.607413567948309 0.640068143148312 0.645375388705734 0.65459564120498 0.656076498406459 0.671749925812254 0.764288540612051 0.484040984275083 0.490922651587194 0.74229134765193 0.600806881467399 0.374603254567746 0.576143220545171 0.718023037446133 0.710786451277595
0.586909199629129 0.587132878315571 0.525217003069053 0.513425052236382 0.515898082571481 0.498722033092493 0.284885098083497 0.199387421822312 0.149371403687062 0.183070718807297 0.440264928195682 0.274011881304413 0.457008684319092 0.480077728062709 0.46067769580471 0.609818517626036 0.524699060823901 0.455099594440531 0.438586906961234 0.537915533566425 0.47746826625203 0.57677255163437 0.549147555868988 0.436804597006234 0.505064119152219 0.544276047595845 0.588274908810149 0.329372849868482 0.565270131868573 0.572674351429473 0.653371897835944 0.676750638258691 0.721958708718406 0.666705716680035 0.665376689101269 0.750893723097164 0.595244572718608 0.674666424020828 0.664682337315408 0.388621053975064 0.690460545966088 0.688961664608102 0.728980509150064 0.695260879248865 0.692154415485648 0.735630035692526 0.780681641304698 0.698592258796788 0.437823580750201 0.604306867647922 0.557006941792943 0.709491210639877 0.659872770191936
0.545067186137147 0.5620885524571 0.560108089460529 0.5905980621206 0.559060416899397 0.576307208624506 0.529253070706926 0.440109205149474 0.24760273285905 0.313602993303391 0.268864326576551 0.323151790194707 0.496208019418245 0.523037522630005 0.540387126093306 0.564038518879507 0.574763142198321 0.549595375789554 0.669690689947365 0.590570186407577 0.399199963576772 0.467087573846824 0.43624928362457 0.565993819316689 0.519812992867857 0.501501074613776 0.523037522630005 0.52751632643931 0.546695520678954 0.57787407433575 0.619404122380844 0.524026789775462 0.741772315797077 0.58155503276131 0.763484474071267 0.713938063448069 0.742345148384478 0.656201231657394 0.671749925812254 0.761085025437418 0.698505220254486 0.713689074381326 0.699842474240179 0.653824201274231 0.646167437187998 0.653051876278731 0.74336163596869 0.357049403471806 0.634902562658221 0.714322218651857 0.548519644558772 0.708128810968528 0.72676655009692
0.5693441242949 0.57418672018553 0.583425300570989 0.587924551582159 0.574582681516819 0.535838436140794 0.493690562936056 0.423979125922848 0.353749705426606 0.376763244245184 0.428294012597864 0.489796208389363 0.519892017159019 0.540273956832174 0.541491661119159 0.541895117546414 0.574582672191282 0.548432324728531 0.561910440473524 0.648543622696184 0.445121144610688 0.470706031839445 0.570691051361582 0.630944677074302 0.491621348459588 0.509977254297326 0.534904278524279 0.529691040475 0.528770641447818 0.543342808389698 0.567578835213319 0.572557011264288 0.634008343178137 0.635333754824595 0.665146143679008 0.680255135572721 0.694308875243994 0.69383044632405 0.660694333661565 0.717302039635436 0.783491198869499 0.725831619881299 0.645264227474795 0.676320793175217 0.758136158885285 0.544811421572499 0.764757041432365 0.522569339829597 0.475341461055961 0.727413101578791 0.658463413389846 0.713029430340869 0.657402235872651
0.538614087423225 0.523037522630005 0.515448916298838 0.49039817731976 0.509177460596971 0.510899583022757 0.477887556431697 0.448448240522355 0.485435094227085 0.492323328432975 0.263171914207959 0.503458962430324 0.525034840354832 0.557216512534575 0.508120319965705 0.492601032956062 0.519452598648332 0.541895117546414 0.560108089460529 0.524215254551631 0.548437564342208 0.509514580137387 0.511359231166858 0.502930768668123 0.528663090813578 0.342350690213913 0.541801100576066 0.612951488985376 0.577943989768963 0.525737978910364 0.610811636394261 0.603126320700934 0.613062117033048 0.593409661179247 0.617169361506057 0.566603496588442 0.726260819604962 0.727585561825399 0.717437488039629 0.693801213924508 0.67410896606153 0.676320793175217 0.641105757280332 0.646859459771881 0.729053582631185 0.670823870266997 0.645782596001066 0.588024215596437 0.401086936837442 0.622905908832808 0.614888045703669 0.606706417096409 0.628455168774256
0.595977293859396 0.582696424846213 0.539954575327711 0.529231357868703 0.527275265592278 0.509481072261169 0.444114411942363 0.278636738215619 0.374071469985085 0.494885869822491 0.446892952381148 0.2712302754364 0.461619465573294 0.489796208389363 0.536870752617824 0.554573319445557 0.585025812739714 0.580541043123216 0.583405522914787 0.549802799205242 0.526789371255368 0.505941476411636 0.29161934248222 0.488188247340617 0.514758469613428 0.524561193094659 0.583063943102331 0.601263768523952 0.597355528351293 0.554417787689245 0.58618389648475 0.621171511413201 0.665659860736554 0.680675098156825 0.733412494466372 0.804454716162871 0.794727557513565 0.795483993054451 0.761531245991922 0.663875273221126 0.633315998734828 0.599889157907184 0.687491534390116 0.623791279532066 0.57358274739591 0.56876010954059 0.463129860768154 0.494709674918894 0.618314303013748 0.392728390990454 0.671253654817943 0.598473048804246 0.576603527652707
0.644735957829909 0.552231908165125 0.541349251644019 0.567365264739154 0.605459524555908 0.5175203961854 0.500049959935749 0.478821751876358 0.4302142346872 0.401765142968762 0.388845787269523 0.499451555704647 0.285762177791607 0.315284470737934 0.527845885523677 0.522682932968016 0.528770641447818 0.581522543506721 0.682696311697313 0.598595972402802 0.541999966486395 0.492698330775171 0.505549587028721 0.497622845485013 0.508479528895963 0.56852517768109 0.613460458528295 0.646939132512113 0.604204983432044 0.611217268169492 0.761255591843329 0.672341161904346 0.777199060052407 0.76343125962083 0.696564424620582 0.659207511695814 0.671295700136527 0.750231910656219 0.696154244749427 0.617754978094761 0.657006702263715 0.491208362030197 0.62972105708491 0.5261471854631 0.538285815620216 0.638075699478241 0.71552498144762 0.473960760436445 0.607185668004669 0.688122480866825 0.472805776640622 0.592582324901839 0.576719042322863
0.366188284806372 0.492203418117044 0.541929564706598 0.548893787632105 0.537693335806776 0.519812992867857 0.482326736886126 0.44578999722465 0.427319169037682 0.26197862307658 0.394827459039592 0.452063387595677 0.46594047078101 0.536111729068268 0.584747276425187 0.561352035232269 0.562478982978059 0.52987488255837 0.470182745275882 0.536779734827331 0.47335407625238 0.499187647834955 0.507152225738464 0.590712460271003 0.571425480715462 0.605751357880624 0.582212089948795 0.677406257429752 0.759480088281957 0.732985778568851 0.788131324517643 0.538213132506641 0.772041101982002 0.741907498086599 0.659209199437123 0.601642316060945 0.612826066367212 0.645089437036563 0.619828173897399 0.573179502857597 0.523586422115775 0.576255014999188 0.498355282371229 0.515995214024992 0.555257101099993 0.613209163913941 0.511229614623876 0.553547701426041 0.703787530037683 0.742016324840334 0.689718144875158 0.386445675885035 0.602018537260493
0.395541120728035 0.513603680245305 0.499910732824197 0.539072962824552 0.522682932968016 0.514455773146635 0.489196737201564 0.433650352424738 0.411347984467334 0.273354063405255 0.268776225290363 0.298621867066548 0.476122539941228 0.490201673888098 0.478435306582029 0.554537779520798 0.364266190322366 0.252417522128752 0.515561993595522 0.507506806499678 0.309965942478054 0.497319196184551 0.591778253674243 0.332989343527213 0.589156419632449 0.596838799499625 0.639571904382402 0.666161117115849 0.66974036252496 0.772183220366797 0.763683101869781 0.767310290625229 0.710165815193787 0.577990661470644 0.615601116442789 0.551880112598917 0.530230616519704 0.582971378523635 0.555528803245419 0.532830836667547 0.506265627280524 0.584842433479928 0.53344038961681 0.506283365958621 0.532024564982181 0.58956068134175 0.714327782883154 0.681436928854081 0.622878014741819 0.667237150108236 0.595711725143328 0.617928448322509 0.599109054105915
0.58640817396398 0.597153608054858 0.584496711870203 0.561971876052666 0.496849616160102 0.50554964948228 0.483320339119226 0.466447776946568 0.429410342616004 0.407559438920286 0.256220130972655 0.438163460958224 0.425917312647667 0.451493595599555 0.46855224072559 0.497563816587574 0.456113507572574 0.474782728956947 0.501014100570848 0.550045848125125 0.555985137964826 0.541456206513064 0.52037916248152 0.560768923888179 0.522671266659191 0.677633396472505 0.750137269735997 0.662252035281934 0.753776183613068 0.667354390531775 0.617678931444632 0.652674801037552 0.678847813480983 0.500189123368457 0.656153933732533 0.536769593003481 0.570189449568064 0.523586422115775 0.563500038919459 0.524194679626792 0.50929064256888 0.512154972390929 0.52661920793884 0.50418223311804 0.554690709250405 0.602337427126362 0.742204302964114 0.615989599854939 0.512007742541626 0.608287832745683 0.593349265418115 0.588141669968794 0.668569243327877
0.561930786824083 0.592726172320407 0.443547502959419 0.554405411050355 0.524344405809761 0.505941476411636 0.490392978402175 0.446766367341032 0.394176383742307 0.355826233259576 0.435603357917173 0.481113342857437 0.473699797863439 0.42078117532889 0.303977969356152 0.0947090781945936 0.520298068875898 0.542701471385749 0.519376456740294 0.55777960204779 0.55363465566401 0.582212089948795 0.617557836955678 0.560680341237436 0.663507354670951 0.604542056659619 0.632150100851394 0.615088909726454 0.650431639146677 0.620440522148076 0.590013552165337 0.603923057660417 0.591429054555136 0.554280766146595 0.571312935016433 0.569773005262626 0.586938867935329 0.480770982176266 0.496078068648275 0.516426494693084 0.509889695703256 0.510488030721513 0.531427406741534 0.514653518976127 0.557942297806686 0.592637193746835 0.658295195425719 0.715080857078801 0.715684098298246 0.616232205170444 0.625026639504754 0.622270372626113 0.618280324943939
0.48856780896535 0.360179871246265 0.510286485814286 0.503407467536409 0.502930768668123 0.492975679668663 0.485472078038314 0.450934668162881 0.471141964223215 0.457764986925163 0.457772213956348 0.475780980706609 0.447559213863633 0.465971497652379 0.30306865713364 0.301621984060194 0.533022910810076 0.572443414247782 0.59669364414792 0.622649268789732 0.617515076147463 0.54581766013162 0.592988451081504 0.570189664632799 0.503374733498825 0.42430427479367 0.550684246190172 0.60493842523364 0.604151750880535 0.607613950528424 0.544356058214985 0.539481297845068 0.552490530577917 0.5321711248014 0.535285005273623 0.57204188413758 0.537094943394634 0.523204276003597 0.515605746406989 0.514365995642122 0.524802028981943 0.536524629666285 0.584048032326021 0.0 0.325806330353356 0.339311373041777 0.636645074053627 0.593099414360891 0.587776545344966 0.350757903599259 0.0 0.118236117367205 0.118812140891754
0.262917949921066 0.515856306694003 0.53946959331028 0.534516774581716 0.467195886894599 0.476675240182121 0.464619378539412 0.491245230814848 0.0899766806680446 0.471174192874205 0.372101346632231 0.417543114910036 0.47326492764931 0.486434247194018 0.565363582011611 0.522824440832919 0.10792956095017 0.618010479551654 0.568754277493659 0.529971081780465 0.535995200828413 0.568778472645827 0.590096143546992 0.382832846190794 0.329175546978487 0.640523763367446 0.32319781088561 0.607470949638047 0.613912243362921 0.558032105887116 0.531610133055922 0.521431944101868 0.483624733065615 0.535200732405556 0.49097484162898 0.572539884895564 0.555522209987386 0.545004534433717 0.536529694864751 0.533789123308015 0.569002856321205 0.587248232404058 0.602807583867648 0.624107067694853 0.641224323982561 0.569947204176168 0.579178307486004 0.603875725952485 0.623514770753292 0.637660152934481 0.644932525101185 0.372154949206943 0.625403381671313
0.448229532467855 0.459396707459495 0.470591941454548 0.446316947905024 0.448121663794755 0.468260972213713 0.450391722487704 0.42990667606995 0.354652173700229 0.183306241187092 0.495368050985241 0.365565499654225 0.372085612143805 0.445566932715312 0.539322479989685 0.553620038535124 0.539761448398098 0.348578744496984 0.258377746223789 0.534765717456084 0.539230947242289 0.574290151610942 0.671719603741706 0.472794148890476 0.549149850479749 0.651410336903033 0.632941302426374 0.575519908269456 0.508748339263502 0.580696183694449 0.506578210177005 0.619939597910418 0.586080717323409 0.433093768982358 0.565122521108072 0.504678582737022 0.52721948975338 0.522519045931232 0.515013950608025 0.509065024541258 0.514939229211086 0.56217892494279 0.570221372819676 0.574586128410625 0.642833319924316 0.689630416634907 0.615085329868443 0.657027835054488 0.713905032373913 0.668224035540591 0.639667755245645 0.622553943517669 0.671474446825474
0.458462821928392 0.45986241357898 0.458930215437821 0.424687889922197 0.451020894417639 0.460327212351125 0.444936421551801 0.454323467563336 0.411631931606226 0.344436895785545 0.0731117776218311 0.260399333564527 0.394892916917434 0.381356959243185 0.334005986674966 0.308241518292378 0.399336751297423 0.116328619495271 0.563762169687009 0.506957538178904 0.516193621864852 0.550834679442329 0.581339420557596 0.514973679218602 0.534132032849597 0.577104988829567 0.539481297845068 0.52106475259778 0.565109408795596 0.626486035507057 0.510066882130165 0.565993606466766 0.604360860089146 0.537524584055573 0.512877235525506 0.490729508976784 0.493145904002598 0.493145912006408 0.487129149362127 0.504773870658864 0.569165513721046 0.616758438213142 0.649660320430051 0.528877637043143 0.705728432416247 0.686690782617686 0.692172686519433 0.687638240425994 0.755435446618477 0.686397030273294 0.453238380176027 0.545061717332315 0.598019575753224
0.24114798342194 0.247666031216013 0.468385324368895 0.471541258503382 0.459402158227048 0.446025748725331 0.47773349123739 0.271839304605442 0.513336927574736 0.447930566430335 0.46058434865209 0.315590964822612 0.222061486866595 0.209120333868367 0.295968492374772 0.403839204112264 0.453513047419693 0.151814078588765 0.505798124703883 0.474254250315866 0.488712350400368 0.523372422613512 0.613678583177596 0.616608295952231 0.573576907712692 0.54388943979201 0.529036600386656 0.480086245822663 0.486911479344168 0.512500686027827 0.527923425011695 0.512255427002574 0.491363633541107 0.582741583644755 0.513559331306022 0.489722709033751 0.442644636351038 0.418661301844845 0.457735444063253 0.527476497006585 0.603029603722831 0.605236196836214 0.688318818155702 0.655585661486632 0.602079910917096 0.618880461551585 0.707832953073199 0.48562807966673 0.711076594202913 0.646204399526527 0.731706958446918 0.695192278545054 0.714371029542151
0.188150059803289 0.0 0.10758412807479 0.361577391597013 0.381842769603686 0.0 0.395133386932014 0.371178135624915 0.441970602952983 0.0678328459359265 0.0125646487289788 0.11333662990157 0.101335171298888 0.0927296310854256 0.264063774967403 0.320816914578644 0.349031047875551 0.507799502396345 0.381922546794025 0.518831562640245 0.463869553205493 0.53041051337525 0.516735381921134 0.5472885051135 0.516149897699463 0.523586003142437 0.514365995642122 0.490967074917619 0.453569374926947 0.447337492930862 0.467649771271052 0.481954020074941 0.487514864990683 0.389569301070695 0.471732796946654 0.468348639122804 0.439725800166984 0.410366253224772 0.25733915814273 0.471076096172391 0.520361661873814 0.56508910229127 0.563165256318777 0.551678328056849 0.541989226617535 0.541833008226257 0.558609601880909 0.550917331209786 0.560490021254598 0.571665078645865 0.717780574496745 0.73045705894747 0.673803012077571
0.39876410220512 0.429109775064926 0.430644439237288 0.439579030386884 0.448794045515539 0.445052994436538 0.542401839379246 0.441998949647059 0.519777820082281 0.477003018880792 0.454267313142849 0.261412304313383 0.265607639899327 0.0463288428056909 0.0363933817283506 0.00812534258486988 0.246102194175891 0.458363796725574 0.496453724226097 0.470280170088735 0.449864605228325 0.459522928968425 0.454432818023949 0.423603492912407 0.43121778075812 0.437301894319337 0.477333409981794 0.502996680879081 0.438276639088685 0.407981238736323 0.397326384218322 0.435504570453924 0.424989846947277 0.378267822902775 0.56464458313724 0.561232940143722 0.450633207817772 0.396744703627594 0.413338339311015 0.478102490048571 0.51189859863539 0.482088702170641 0.471666442399747 0.484449618849782 0.527068199472574 0.515476143052602 0.60275502176733 0.529630839955342 0.476786634472402 0.649396745488309 0.630054299789348 0.649773025957257 0.459945180820108
0.480020223249228 0.529023722000543 0.534496573241201 0.496941615931702 0.56688477634883 0.607386375695378 0.595929603091057 0.59111414909832 0.514771384407851 0.453534074014762 0.473924591495535 0.432043127347512 0.312112348043088 0.208099868962697 0.34934844611062 0.00767611468723422 0.149906750857637 0.437667803289544 0.425212885662091 0.407464733242012 0.420807214549748 0.424748795697297 0.41784701495742 0.405607900167241 0.404432510680297 0.407153293845503 0.464538922525864 0.495300858761756 0.46465063884169 0.402076999249048 0.383858688859403 0.390808236079183 0.451007407678121 0.524279005990005 0.500211402297164 0.524279005990005 0.462670987406495 0.416287166661556 0.404391960715809 0.428271281862012 0.445180213004422 0.454769194521284 0.503589885499346 0.579935815614293 0.53440420500273 0.643048593689575 0.648651324406092 0.532041088346117 0.59372890120425 0.612719470369001 0.601341063797455 0.602807015160246 0.389716898959173
