data/suitability_785.asc
NCOLS 400
NROWS 400
XLLCORNER 0
YLLCORNER 0
CELLSIZE 100
NODATA_value -9999
[rows 220 to 239 of 400, columns 132 to 175 of 400]
0.521572754071435 0.562724942870701 0.598617356729113 0.635157418978637 0.662895701841095 0.697582563111789 0.697210617132043 0.720290670493796 0.720652077900399 0.657697937733303 0.660023023295405 0.669146618365784 0.659668976481865 0.700177497528083 0.751827785761534 0.764799164936741 0.755298653616934 0.723727891268551 0.747171967967965 0.760372989013745 0.76273809391389 0.769605186627141 0.758268899973364 0.759754099398585 0.734839731425421 0.700444157396275 0.744852951041838 0.762511208141769 0.78394347269063 0.797751772981939 0.827413697362669 0.83461562166391 0.623796105370792 0.634509123136738 0.832066991426105 0.838607293598222 0.853441574502287 0.884670521906971 0.895251949097668 0.862677395755056 0.537885257714215 0.528547314779886 0.534254926820024 0.856204439505634
0.521151889450875 0.514593700987139 0.617238546748347 0.630420695005057 0.638900637676205 0.623798283822419 0.630963995923471 0.683446207889789 0.681692995007296 0.666441115898865 0.686195784425359 0.633440619798365 0.650592122356394 0.689160071294966 0.739569676250404 0.762656670529091 0.746336978000322 0.717589565382 0.716179005109703 0.739675015437831 0.766428417312373 0.748374417841587 0.739672101322767 0.498473380555913 0.724719965614176 0.72230536499511 0.733378081204794 0.74229470069796 0.775959954201847 0.793927261524545 0.81526480322905 0.84127974150256 0.534098411135789 0.81203581856693 0.800745345005423 0.784375562107895 0.817910608932067 0.843119305331603 0.846590000092077 0.834447807601632 0.625470200567022 0.602105168348654 0.854602265367334 0.865417949781677
0.505973986323848 0.50731854266935 0.596335801135971 0.639171707859226 0.640509738840332 0.602184716096185 0.645046101468877 0.658523886797789 0.670248883756279 0.639810965613883 0.602949847705428 0.607634445568835 0.600677358229033 0.639628703949953 0.744425668595695 0.743698848834666 0.737009430735035 0.709244704122727 0.690026387566681 0.717843936317513 0.47190311985813 0.458100217312599 0.716194398853231 0.731864254009421 0.552772984476082 0.723222418803796 0.484042611766841 0.463794850338655 0.761854938756352 0.784559998798818 0.787769323254434 0.550091341806719 0.499950250022307 0.793736783716123 0.816510783925237 0.806967421989583 0.807314999585342 0.817823009590047 0.789665988849087 0.785996654527869 0.816383451759906 0.840603023533085 0.848375711958366 0.612424239951363
0.501160112420465 0.603310324010685 0.367617238635218 0.554382092914612 0.570797435712544 0.574904548474069 0.586242916308119 0.64418542483441 0.64694124886621 0.615361054810278 0.597154250411124 0.6012432140961 0.623006953536318 0.597470999683275 0.716526936050222 0.72869457333853 0.704225563264538 0.531127451053321 0.686634558747164 0.704883597946506 0.507126590469049 0.699964996476843 0.701259202590265 0.720614444552776 0.709612610734777 0.50719968275776 0.470759565648524 0.696348275434093 0.714649486886744 0.763888209616488 0.774160177038245 0.523119166672548 0.439434433820651 0.500994342880371 0.551119042618019 0.820746983073929 0.784375511855537 0.78358260242954 0.782640263304503 0.785914921892804 0.795728464459491 0.842904396626994 0.842310789250087 0.889924236059914
0.596847574728036 0.611078160731134 0.522037956805686 0.0 0.0687792279174624 0.0 0.0725813080629964 0.508616573388467 0.619461480762961 0.593040532862965 0.619716057529553 0.627843547365708 0.572016453718621 0.671034589968805 0.651700440739435 0.696580657029237 0.666612156048692 0.666725928149399 0.673048375927115 0.681401943605207 0.69065974757015 0.679201865911877 0.686930722995334 0.50175824319807 0.503015299606935 0.494690261231937 0.691853622528113 0.691722627306529 0.707253289742991 0.739288963321467 0.517610770813929 0.436241075540268 0.394866602710076 0.449458727363314 0.471377959091421 0.541957904424023 0.798046374237337 0.793234721100065 0.789665988849087 0.804147139963577 0.817209070527264 0.865991445729563 0.913542781597276 0.915346208621238
0.582591713220966 0.451315065577591 0.586748090937222 0.142364111070264 0.0 0.148041923633546 0.0 0.303407074787039 0.539276927245779 0.557630347672112 0.520888949435515 0.536741601172824 0.563919808781582 0.599657002249825 0.570655691966285 0.648710086586394 0.613785585565653 0.662772985309621 0.672023973792724 0.675203235869274 0.683470341052954 0.682202575897288 0.681015722034018 0.521815949575305 0.494836742568625 0.488164350403465 0.382914495511119 0.654123832774357 0.730154661239096 0.76103580650253 0.475610988817616 0.436365770271096 0.336540917379275 0.461944621787501 0.397042473139328 0.530155317178483 0.548548558590202 0.806268219918307 0.799927287948789 0.864695996722135 0.857062260839094 0.930431846209836 0.955103131064812 0.922529013292476
0.423102540828599 0.151966064945802 0.437995292865107 0.519859031325546 0.0587912398363424 0.0588042236465843 0.0 0.313947791928518 0.320275898495886 0.157927826549323 0.0630901678229558 0.546675282856117 0.487079192513897 0.49481664095452 0.552455033683446 0.602684117581176 0.658618841115764 0.649642640385279 0.65933038546046 0.677592005515552 0.687500115077985 0.685461020455401 0.682094799828293 0.688045306438415 0.691384966366094 0.701623216405137 0.723718044642889 0.724730109606923 0.502988170891407 0.455900286848928 0.550074910356902 0.437052610539337 0.48017012921214 0.579111079560168 0.445102961834379 0.582033057576151 0.809684689178517 0.844307114926924 0.813483801274897 0.891549318880626 0.874784699707086 0.926900016825859 0.865372692704948 0.92076179505037
0.547936855734608 0.093810730031464 0.0173888930797003 0.327300724601409 0.0585759015928446 0.0 0.0587901585869725 0.313390808709641 0.317693753850583 0.322971185390642 0.419995175574484 0.595014035928019 0.662654162651711 0.60198310549869 0.570382001947967 0.593168999863827 0.567804893396805 0.489835244949885 0.658267441738671 0.656525321079973 0.674797664679751 0.687807043136482 0.691456344011321 0.696386508420364 0.699202193292078 0.703732702598688 0.727052897313412 0.743413206361764 0.555960417428231 0.491614070791815 0.562555537612645 0.580841367141688 0.572341540824735 0.546405917125202 0.482156862438579 0.504721954725724 0.846297647934769 0.864723030621211 0.915057384149654 0.918840320563586 0.913732918177573 0.902588383197699 0.821593905718569 0.836851042931009
0.169008428684782 0.147604073917386 0.0559580807596415 0.143271303247496 0.302537574709385 0.305281263141951 0.484995549630365 0.0604756376057574 0.167722857767227 0.490341916785987 0.64952640902683 0.775928181633302 0.753583442182041 0.511112022815824 0.569243022111806 0.56256293236969 0.440698328322873 0.42996437051557 0.388762045048397 0.522850816980249 0.673385584904579 0.65895845912467 0.677749009872177 0.706016393643218 0.699749879586 0.702062472574935 0.68857097400091 0.704267184174307 0.782236514018442 0.52332764213029 0.506843677584433 0.524866217934102 0.548751835154613 0.858892682656457 0.859246948893317 0.907004742518961 0.911678542266421 0.894402895257916 0.910697642742002 0.944476763215164 0.915490391809235 0.902509584893683 0.870111837299472 0.814427731705666
0.0 0.0 0.0555487080847788 0.143546895236649 0.47473730575422 0.310191884575728 0.492740516741299 0.500366508307437 0.51720611037869 0.567156974448656 0.684573433212982 0.83417526916451 0.760416973529552 0.633238239488784 0.65178976287521 0.487477398850041 0.528180938880486 0.591154701062619 0.27879908715015 0.336964594086521 0.380250446737965 0.682258297361597 0.673648165875504 0.558087645151094 0.410918691237525 0.445232952079828 0.426846123270545 0.727369146333681 0.73600499150191 0.76520262713837 0.787420502758952 0.855403573637182 0.883980957350181 0.891338506487185 0.906418949113433 0.930025686900126 0.935099031990238 0.927270570775443 0.871221818549469 0.900784016403448 0.857092402174059 0.85651014038747 0.697820881653695 0.946121672824493
0.0526197995736017 0.0535653149028629 0.0544013194530394 0.0 0.145393577762923 0.148847637070646 0.490880630516284 0.420514958513405 0.630848132060416 0.679334878690119 0.678349983574182 0.765913672364716 0.778652512149514 0.791596526796672 0.77494532305996 0.707332673436014 0.623154230513994 0.307890644096096 0.195382105528412 0.42740910916923 0.592109669990507 0.349593287806733 0.666687405161918 0.695225985326595 0.700812972871656 0.718314678686977 0.646747235473377 0.716791983705833 0.714044944381227 0.717414699788824 0.80694345598597 0.895246691835527 0.906276462501079 0.914222725481128 0.910047915127691 0.874662729333498 0.913209319864723 0.899351532961087 0.916754746958701 0.915757275413632 0.919230318161139 0.80322605172824 0.810774108822209 0.802124088427135
0.0658904655038308 0.196198407102828 0.133688725441194 0.457468798374876 0.337009852893817 0.171676981863774 0.1513937881848 0.647192203711934 0.730978346922073 0.764372747450441 0.756305814896197 0.811445295657832 0.85028097204161 0.86213998949883 0.828603145736378 0.573467145501978 0.308420294620698 0.182751048265229 0.17295921586587 0.443788963295097 0.669803662119002 0.597453269828133 0.696904813732069 0.677794917310024 0.680933051034175 0.697831970783615 0.701890204544114 0.739787884675919 0.735977345046223 0.727359168601131 0.841703135443953 0.890597775010606 0.866201729797997 0.906459765603774 0.870741853405994 0.815014790896115 0.902886338459385 0.928649552239493 0.886057051365076 0.914406952758548 0.916409507193323 0.851429108744952 0.779856209145678 0.796609603663419
0.264596779529482 0.237535087672535 0.386851074479332 0.516989446191086 0.344083478442599 0.448206477093754 0.158784252361403 0.529932688421706 0.500755527023689 0.727962690037251 0.819308747072505 0.868834282926516 0.873468924240173 0.608496261068682 0.590956828300376 0.553073656842607 0.72399611441816 0.673648818622611 0.669849307422799 0.67297889653614 0.71381353367216 0.669737726340943 0.672315851402065 0.675061401269354 0.679758489078607 0.692210443511327 0.70032786984094 0.725571545516739 0.717442437181932 0.806763458432079 0.861472984790997 0.876194658060645 0.840268405335681 0.856435697295291 0.846421004203803 0.755929784016117 0.893370031043493 0.778695199626894 0.796999775316229 0.916305549085587 0.85283089448346 0.818989628445742 0.813286095957809 0.881900818773031
0.155884396349482 0.49550901368139 0.52196604644276 0.530702830454156 0.364513129901477 0.534104558282724 0.560064398956332 0.517190514891009 0.655456391967967 0.720738542055758 0.793476828848121 0.833271105762656 0.872448425973267 0.904492877053543 0.627121845745422 0.590866498429855 0.855439015430074 0.716651254033271 0.482366698120072 0.747879301173085 0.835735747416914 0.753106461012456 0.700718707399789 0.687223337365579 0.715696868902006 0.699706901612421 0.703286925156395 0.706153617369703 0.735878097053119 0.818134938344478 0.80068540747433 0.86234951193626 0.814901328269115 0.809953633480903 0.729263888360638 0.768571287190511 0.837956685106227 0.908621459060966 0.882793367683424 0.878734575067921 0.797164789684292 0.791178549877678 0.852105683237 0.902226394322949
0.554245165587742 0.564703687834504 0.61120746019631 0.58657134232912 0.573555505622711 0.576902112849237 0.578657672628671 0.58590499001628 0.662210995204014 0.744051070953341 0.781663655344287 0.811731988564355 0.841244608254696 0.871226186228618 0.627375016181674 0.664214797210774 0.857919914903244 0.689783558591361 0.740624632954951 0.842992088223193 0.79756288300801 0.712583429064114 0.687602835709366 0.685369756095443 0.725837829883868 0.733599594101545 0.709594988264811 0.711764492994247 0.74316679271493 0.781019941735625 0.775529398977027 0.823613956488808 0.778299561261524 0.742844023652927 0.772173210822443 0.843366650940864 0.929021768135365 0.917380825083911 0.971913005055695 0.97235205915205 0.824512251079004 0.953836332951933 0.858077694276387 0.885430506591018
0.621858177149704 0.654127537623366 0.657876574847754 0.646202944993483 0.583229793442222 0.563464674659567 0.589533621338366 0.615391487881423 0.682012086170638 0.788774078794916 0.81862996420031 0.568158603676353 0.862481286326327 0.875763877998422 0.900649231601679 0.892456614289932 0.823973018820854 0.773970969579266 0.876452938689091 0.63574599403579 0.746061752379515 0.397812239072157 0.677412394079657 0.719710294652142 0.685848511403078 0.733600595124345 0.728882479854337 0.70967974905745 0.72008909040502 0.714693765350535 0.752942439842952 0.772310175712555 0.758462765410694 0.921571517617708 0.929454710777116 0.9088884258447 0.961407769772587 0.981950912032142 0.982915321560164 0.970634305753105 0.957895999419652 0.951682941236274 0.96783297804789 0.977612254007229
0.686900198526628 0.721420392218346 0.733455594759728 0.698160632524232 0.587078312233384 0.591914970790324 0.663743937349242 0.713343030018406 0.707013814878391 0.729576285280152 0.771614807944532 0.826886955288846 0.834561400983084 0.805864226081141 0.895194847421167 0.875287996027667 0.878087734802741 0.916561741813638 0.908986946454684 0.823077890160105 0.764567933274311 0.799030521450184 0.844380343618607 0.849690452491893 0.899534234721145 0.869731963835533 0.755491470287719 0.739710773777145 0.732483840735593 0.726071178109313 0.755984201882771 0.75126867102984 0.905622771863261 0.971646774342977 0.977520997812852 0.983167137760314 0.984946880991593 0.987165960056501 0.966427300865522 0.971523807162113 0.944421169553645 0.944464984428076 0.973611419077206 0.98501485208684
0.743869140597339 0.767035599956223 0.774837305810883 0.742280647197375 0.653485834970621 0.700283152816183 0.759751939610223 0.77193451470788 0.7256102115084 0.784750460280178 0.774503597115684 0.857891033287065 0.851146064108939 0.855115510715046 0.89619039923245 0.92543795514007 0.921246134569619 0.946319828532006 0.633321030910486 0.620923766449752 0.906449098912654 0.91182232319414 0.915002014621202 0.929085186783177 0.940734938392432 0.923458597551606 0.791532047726705 0.733845124923594 0.470402360100769 0.775060848797461 0.892266496473035 0.935433981038932 0.851452016682313 0.963532113736444 0.946650369084052 0.979791429795326 0.991132849419079 0.989842043633866 0.970093695525803 0.910092779036406 0.940143738862619 0.948660909828626 0.974800580663615 0.980304725678955
0.705642932131846 0.763542397171578 0.753225216892416 0.76692819749691 0.707646290449255 0.7502289092322 0.785843283108007 0.794688465857122 0.835164299681297 0.830621262086558 0.814995777587911 0.844193172418093 0.862545559266771 0.877719670166903 0.920977030229084 0.942844087859798 0.93783619512851 0.950165029145515 0.932248774308596 0.937601062520945 0.917146166208442 0.751324074859045 0.932342039614938 0.957480418072762 0.941332248557981 0.845094996858191 0.90514379404096 0.831618660968578 0.8625559113303 0.923082766004382 0.971139382101984 0.936958960227658 0.953119621436691 0.954136908299459 0.939038522344155 0.939189644202283 0.975747450850513 0.984788725840547 0.979169127077465 0.990076107393698 0.993932158768325 0.982765101881516 0.989590865955174 0.984093855779864
0.741046450980746 0.760814397442645 0.761010902618834 0.808419080080071 0.774999183552609 0.768169412525235 0.788724258958904 0.806501488356972 0.848860503690598 0.853454232881119 0.775341614066064 0.818212163255063 0.841629340224112 0.886120319376032 0.903302492423115 0.912387888968605 0.877883550228398 0.870533680134925 0.870006155139644 0.917018186408787 0.934105782585303 0.949201716100967 0.976276659844788 0.956495545744955 0.900921844873992 0.815219295006939 0.941493293617692 0.973903778910042 0.958789025304062 0.973345980419057 0.981849995191578 0.98247680438872 0.9605426184888 0.811747935772729 0.941444698424625 0.928102908350479 0.94066877756149 0.955272496684199 0.956407571353541 0.976164134626587 0.965227279936264 0.979798362289864 0.983856441697752 0.981100837954287
