data/suitability_785.asc
NCOLS 400
NROWS 400
XLLCORNER 0
YLLCORNER 0
CELLSIZE 100
NODATA_value -9999
[rows 20 to 39 of 400, columns 308 to 351 of 400]
0.684485181764776 0.719204655837296 0.51170353841691 0.740396635553967 0.469072891353436 0.66360285732598 0.674539714709986 0.208488636660245 0.424252558876647 0.64878118159184 0.625435608434858 0.615648120622766 0.610182557769316 0.38217123765489 0.376699771647318 0.641355864754362 0.678327201132234 0.632336779762468 0.556512828264731 0.305886052973313 0.509568562725249 0.571630875422837 0.580800297006367 0.585104531715102 0.606742492348312 0.368574162213424 0.529123166819783 0.574311563162363 0.647452140183138 0.730211859951482 0.723210655824643 0.712475498135466 0.620308667128993 0.613097514022341 0.375607427749165 0.683101637240143 0.671626559001715 0.58354270464998 0.313764365014308 0.133297306447998 0.487739709585475 0.411904496924099 0.395853184820817 0.128616308509293
0.67458242213627 0.685508936691813 0.273407053688437 0.240511613265424 0.256474033299145 0.462357728440746 0.464800434238191 0.428074422668611 0.207503967785822 0.204324474547452 0.413477582115306 0.197775897100329 0.639134702299284 0.401541255125194 0.613771521033687 0.605106834708887 0.621674971417994 0.569600189157307 0.328027779757023 0.53195037323582 0.550055013401958 0.560414388501039 0.546281334187433 0.545274833395693 0.360911677363544 0.566198006122011 0.556139444232204 0.548050770668502 0.710563750277482 0.735437217824483 0.732591787153216 0.517750220628565 0.540796929312808 0.614504795435779 0.720746324875758 0.709438487836766 0.701411355950086 0.670863102834625 0.157167239276213 0.0561774328084106 0.293535017803255 0.233282366872365 0.122782867299632 0.242368788673625
0.471390314977644 0.467909373112781 0.674442316648292 0.32012510088423 0.0 0.104097780903082 0.462258885790154 0.670092497385632 0.673351970160441 0.669536467080495 0.660275025119864 0.650397611169723 0.650652710549295 0.64632918626762 0.635937396585056 0.595773797701782 0.573937233062059 0.554120313073595 0.513770833868308 0.586473009122177 0.595285174460047 0.595974259165863 0.572814178057952 0.558643547957565 0.174841097972318 0.575087064477644 0.692212652613284 0.650465807773109 0.640397845410498 0.743576341449914 0.372822553501482 0.0119424256654767 0.481879819411082 0.364794199501382 0.184796633797291 0.418339717889322 0.423341606908653 0.611998938554744 0.315910873487576 0.0532446104035994 0.517303736964806 0.394304761143718 0.357858133953786 0.282339759065693
0.678602742888132 0.674332864253064 0.674967002926179 0.725363435337127 0.283257664094698 0.236943806967929 0.459722743207571 0.459928010495414 0.668029018411379 0.666087040423685 0.663985075837081 0.660712382466929 0.416958489563123 0.685448632225113 0.640621067496207 0.661619921150261 0.37691718407948 0.54415957353573 0.384037349130459 0.607753517072202 0.589064346055821 0.604415161242586 0.582015310768672 0.603367248354812 0.363671651673581 0.685889419058178 0.708122840127342 0.686643459150585 0.646327358183996 0.73334722507442 0.699844431686095 0.71270430970799 0.27195010919949 0.0477308837733291 0.0928918159312745 0.715944021375311 0.624045848556984 0.619034846148942 0.436670258856145 0.470187421857893 0.432935489690783 0.118751079688985 0.347740152987891 0.436180217136903
0.682648410806071 0.677384439752283 0.675212375331095 0.682572658086518 0.451809742082126 0.508774908330813 0.645567761575409 0.657342401990948 0.657872712831364 0.662058097526632 0.663422436047622 0.661669412025222 0.651073770199012 0.645852275013005 0.624824123976459 0.382611545945072 0.588071204455227 0.531203271128055 0.634504395351772 0.518449783440938 0.759581428428267 0.740490218804577 0.593424915103343 0.691247489544729 0.640848903319559 0.659038202377055 0.694491243101732 0.379442998553197 0.677253997228747 0.686530412509461 0.599179001888294 0.609919030826834 0.679796616996366 0.620628146865391 0.273895642272232 0.633744636809444 0.638801151929626 0.559780965819135 0.301681949137029 0.386974451029812 0.487185506100394 0.247863477441304 0.379257101816954 0.369321776608536
0.67344329912155 0.673068318888707 0.671295191829255 0.692242835989137 0.75102198587366 0.310665293475949 0.411885190307237 0.34134860102777 0.634261575843749 0.233245184958721 0.661636573023562 0.652799822667462 0.644653334600749 0.405213442370904 0.398958724598436 0.374962243247055 0.576802756206348 0.551721065194044 0.713102474642808 0.752864422510388 0.567083800655066 0.701781996550794 0.674656941510839 0.683804846191129 0.400106049560069 0.399164085083055 0.633694444755346 0.621590923699441 0.620643087788471 0.393389517421725 0.614307312816983 0.7149238721601 0.709662031442453 0.601226233136841 0.595572896483757 0.55255692419047 0.516503171647591 0.487579037490643 0.451480000598907 0.421250630202772 0.400771055879733 0.392447291770153 0.117264422667932 0.234258105231467
0.463583634094813 0.668512707804362 0.425550455928424 0.250583353531613 0.24911558044114 0.233362369729807 0.0 0.0268423132132656 0.740042154704308 0.622725577242281 0.656432812887834 0.43286540391904 0.198562860963103 0.195660378841674 0.38981037647261 0.60877956689215 0.610097191542577 0.587362963182369 0.608876152169686 0.661162973852247 0.709715230023104 0.623865225592625 0.487594520931591 0.0768107197136809 0.629916594721991 0.61044074329894 0.658244752714584 0.642520806880491 0.600048531323827 0.613647823866905 0.588370921887498 0.611381151020069 0.586730134441079 0.549522625346428 0.540379123234184 0.169607516833406 0.0 0.149666285344151 0.495465478455849 0.267799482087918 0.123627579109133 0.0477942434125509 0.0470562405279685 0.0
0.266359582417341 0.7907772914539 0.759784989644541 0.630081733394615 0.348250286103171 0.640894621012174 0.122433763408397 0.319276953426169 0.491412363897103 0.245106572234644 0.655437128643956 0.621677695635336 0.626313773030056 0.398332111794994 0.0746567195617346 0.63535727906237 0.623643105676973 0.607643940226779 0.638017722823672 0.75944016823818 0.725764514610568 0.633072999687171 0.0 0.269541937545284 0.62406527208302 0.618146499833445 0.63993523768388 0.722348458635018 0.719104046118386 0.565278938337197 0.602026814429001 0.717773902493195 0.658218174854463 0.631843218279446 0.662485681456721 0.649801699043256 0.38269734645096 0.0 0.330642995065148 0.339747585626093 0.0461078392692371 0.179272302344819 0.117335994896099 0.237862314958845
0.362180660913954 0.344000087716466 0.776771027914039 0.639934639166803 0.742252487871834 0.620944970057277 0.446350892196177 0.458494312050348 0.441722056950136 0.430697190288064 0.396448409429386 0.199913831470347 0.617151133455832 0.235612162227847 0.395208560418212 0.619777542876976 0.71444611204646 0.665557662583572 0.737014137270927 0.652724284994163 0.628592863592426 0.401715789377048 0.402260653047813 0.624789807205281 0.616626964730749 0.58074232043836 0.704879646693404 0.266099892804907 0.157758503839757 0.286024814058192 0.241500441644226 0.660954988852483 0.701546955235731 0.689994925382844 0.673089439496298 0.657304644707192 0.620755181095058 0.330993621210404 0.344613231358483 0.516235772947369 0.445978518433606 0.465471930151142 0.240021795909066 0.0457258823334253
0.325801454718897 0.322982105436683 0.778077518831836 0.771073089935226 0.53479069251562 0.428290130369138 0.779045855116063 0.370332445708909 0.637709861233154 0.243923687186801 0.643878304959424 0.633626194188746 0.645015213270306 0.633287550690065 0.617908363650183 0.405175094985503 0.67262308861355 0.744391553373867 0.721856400308998 0.669489455227773 0.568845901173834 0.471655666897913 0.644830055760062 0.556398892465411 0.596262312994108 0.475803494810668 0.484342863165275 0.154893696163495 0.262320807346858 0.31490472078434 0.479584984705247 0.540844980497943 0.499112078908738 0.705777842181792 0.714590355380269 0.658722258995819 0.544743108851402 0.327783341136377 0.469596600234076 0.528918824021956 0.432862894888864 0.450094596829861 0.241087015329399 0.233221267172194
0.295196941873412 0.32153808230963 0.369007090647342 0.229171150412299 0.423133805954964 0.542526774658696 0.426354294821176 0.657749747565956 0.446198661807217 0.644521012249328 0.636244197888411 0.641348982252105 0.623915154682999 0.438843711936738 0.636855530210915 0.406987078434816 0.416968120941604 0.705634460399066 0.630518529409568 0.673195276932564 0.744411126211204 0.731306784777607 0.649409986621242 0.607480948450807 0.713644016866821 0.375048715055639 0.154200139346568 0.233619870222071 0.250345054254532 0.182608726399604 0.664087281882652 0.637866596204308 0.36707678701773 0.455258254596826 0.695516758055363 0.435152247459935 0.346098529132439 0.320520721833853 0.148435379707296 0.2856580506557 0.41488628717201 0.427365309325119 0.120696284733867 0.111364307691852
0.636947932928551 0.337329150615119 0.37964641773489 0.588225500174225 0.058424034032214 0.748077599357298 0.625696292195708 0.650621332261497 0.651838262883895 0.645638224947297 0.641348982252105 0.697742916409394 0.649309504694404 0.704350209443468 0.663068720747815 0.4029671708111 0.67136228538792 0.629232637678536 0.626523644713353 0.690579847976286 0.666529463484291 0.657260816961973 0.65486462381973 0.647168279940394 0.519204807585423 0.527681083014753 0.262864609804064 0.433162092983332 0.584153917849143 0.535133485096816 0.592104759892916 0.558125279299116 0.676852472202598 0.700999591661559 0.618580363106615 0.595577953138316 0.172885987343667 0.155507331983882 0.4702893078678 0.428519937385722 0.321844282755364 0.310193039450145 0.368011183996237 0.229769051292423
0.659376658365417 0.643725990337554 0.320307210117789 0.449127467355865 0.330189065337085 0.70741892488862 0.629991251235325 0.415249546238088 0.201828536202393 0.642287414690591 0.609783229833443 0.620835453265599 0.633832273863059 0.695187942522325 0.630502684151802 0.664199583817106 0.745896384718327 0.622656994221618 0.621302990596847 0.619355038235913 0.617088759241833 0.604115521139727 0.649048600200933 0.711483510017862 0.705886507838767 0.698260539297379 0.69149798438196 0.689779208430807 0.690544036768372 0.638102196953968 0.535610958760452 0.594736383313934 0.594394373230186 0.665591824897694 0.609861307648515 0.628906797670804 0.362173619212012 0.0612071387330143 0.143769256727039 0.438653580374256 0.461950436468526 0.308345988777633 0.231880102780166 0.361259852880281
0.65626575514021 0.646724076331395 0.659751391118021 0.433491428202298 0.253572958665537 0.506988808308125 0.613939918779109 0.649716295399399 0.6456436863397 0.609775634102592 0.437073626758666 0.596704113697703 0.610765752091445 0.654112377803696 0.672864783326375 0.705791783675424 0.752520985396863 0.616501768105724 0.636582559297833 0.609233857644279 0.388176537716093 0.637491757063214 0.622017500392406 0.647171663921041 0.690760012685889 0.69111536693334 0.693178428146624 0.698935493019513 0.696974867658198 0.633035590340263 0.629048299560617 0.587408339140499 0.709292310553724 0.674394151235295 0.610109587481988 0.588243849143486 0.341115875110566 0.30731850267674 0.487323225243232 0.430804728781693 0.4126920346426 0.460139911039143 0.360353190299973 0.358352956160684
0.648211352711011 0.510963006819741 0.758219562333633 0.483882903286909 0.419182367369119 0.438429116824775 0.184738091514393 0.473411851633411 0.288844741833907 0.241454026481031 0.57381538953533 0.641392928758066 0.713358170146834 0.574988867694728 0.205656959411263 0.639458426651618 0.241824358152467 0.730822132311459 0.659322741354583 0.618535772116552 0.598254686314284 0.648954089770988 0.682460806604763 0.683860882148534 0.690690893646639 0.273638758608946 0.274615888450628 0.386478689328616 0.418480681286093 0.660552669204029 0.641779274592888 0.628473886363352 0.554328081391199 0.544108224387649 0.38535078440293 0.535280309546148 0.513736841468139 0.527305829032792 0.517382880625224 0.42102815281221 0.398745406747557 0.391609873899222 0.373251052140088 0.231055865883113
0.671124737640315 0.70440693920957 0.477004184569101 0.29616446323031 0.481547377119836 0.618915897783741 0.641070273911343 0.64128656270062 0.397984820821252 0.634121535925142 0.68217408670988 0.749946660844758 0.52081534150098 0.288602303852654 0.370823326908425 0.53426229659076 0.647639275227858 0.718265065604743 0.716372582194022 0.687567265518316 0.677703357237592 0.685168120490886 0.174025310091781 0.632096861787534 0.678069012496725 0.244540811095762 0.24823765155812 0.437882512514991 0.575996904617508 0.616838711207861 0.637652089566425 0.577722516993663 0.403294686400114 0.371767547161617 0.509236529979074 0.509236529979074 0.544554050971725 0.567306830480202 0.166625244016119 0.258343244397457 0.124660542162331 0.382363342444133 0.257932860618343 0.36320938472055
0.524825798776464 0.641902040935052 0.480397321307925 0.466160167598614 0.482299626237472 0.674860403703375 0.640761281660744 0.198820888770853 0.628325578156719 0.642494158049813 0.677374454627838 0.737129347715255 0.718858474943679 0.361307900395068 0.102031366797097 0.392856060257693 0.266697162578118 0.520452033274437 0.695728516859274 0.510341116419183 0.360732995994635 0.0521904115177301 0.0 0.0523345602433494 0.593582705282997 0.354952818733742 0.276888251178851 0.467035840986819 0.573515323376595 0.40194161811286 0.585820216711406 0.638831803574592 0.422103014339803 0.206473989989295 0.509671789812969 0.471370772725807 0.568433365604795 0.543307177930426 0.517002022374304 0.416512199581389 0.398396924944531 0.37759301721852 0.233862780512027 0.360704865893399
0.698852038343811 0.28845153187227 0.572638827162599 0.732759284636025 0.649127454872266 0.658858910437436 0.638587711383124 0.63606654476487 0.680220242154713 0.734244842588807 0.650555754245466 0.515723050299816 0.373493910789759 0.708138915094201 0.601559401785587 0.477804761210238 0.35550983491534 0.516249224406447 0.116685855576737 0.307910401862239 0.051703174922866 0.106517727287358 0.0982035015720435 0.0532821442045206 0.4139550355909 0.65256943612228 0.404581236697331 0.635557844211809 0.656326717409192 0.631729384124286 0.583480182803634 0.586098414095249 0.40522483747434 0.545788860864257 0.393829269676665 0.506369663287532 0.505666156975597 0.538376092370079 0.459295230714371 0.403618752842979 0.394490274962277 0.239734473751201 0.232830173431313 0.112089848867782
0.719318537303413 0.723269616349124 0.452226714127768 0.427811035087278 0.431946428598584 0.632942914856512 0.632570907783393 0.501681820522401 0.524245687295469 0.736476095771639 0.641753997050616 0.488196554215513 0.697486922816894 0.698564183963359 0.656976574811502 0.367338402436469 0.679991292336848 0.510219272888863 0.50020144800759 0.115657954421571 0.224680067347229 0.117071093458655 0.301373862352384 0.314875715897265 0.287839329606453 0.631549042015036 0.219485410197051 0.578205392311274 0.486582486640077 0.704142697722895 0.624076753228745 0.627970220382841 0.404838285177736 0.575355180142121 0.557805392199324 0.538202475477067 0.512205927527588 0.5040043327772 0.535688589538428 0.419716362213521 0.390593993513068 0.260092747262212 0.0 0.0437659464639333
0.0943530893463515 0.114158178479726 0.467085502068345 0.408096363487337 0.429095006414918 0.235697986604071 0.373752184001796 0.592872793027741 0.516311165722265 0.729007522723767 0.632112197769603 0.634203023010248 0.688825698372409 0.623219864938274 0.698352160734782 0.688640152646454 0.689953778141853 0.686438932125269 0.506341086728831 0.117202601694846 0.531023082956639 0.215486215399076 0.0526837004759832 0.0962680137059199 0.286942021306393 0.42405427041689 0.592646574371897 0.579466458647945 0.677465429674163 0.605500100144472 0.63578207303792 0.611875300780222 0.373869521384249 0.590147269320098 0.574626347108524 0.54626608617402 0.472386485666656 0.400802858221773 0.300710056514519 0.398047587868741 0.382824804276089 0.365487237647666 0.228493262826164 0.0
