data/suitability_785.asc
NCOLS 400
NROWS 400
XLLCORNER 0
YLLCORNER 0
CELLSIZE 100
NODATA_value -9999
[rows 60 to 79 of 400, columns 0 to 43 of 400]
0.457404466793796 0.367901847410435 0.365885813287314 0.366801641272273 0.293528780661861 0.296496146084608 0.463750721516753 0.142824117960682 0.288040229994432 0.459520586748417 0.466233821981049 0.468112406290644 0.478438044673735 0.494606991467893 0.535871477699666 0.286103031610143 0.526041304440295 0.555459801252234 0.582021409790365 0.663054017914078 0.65414354274554 0.623616327258559 0.624090371344731 0.625619408533895 0.639651300529297 0.647336822208779 0.653907538147713 0.651114982146138 0.676680866626308 0.653463335632769 0.693749785148586 0.354501817994146 0.6884938619028 0.709574769427573 0.407941029316664 0.565139759315093 0.897348027138531 0.7962665327853 0.69447902836595 0.802600575495781 0.738410902643212 0.709565114285515 0.836529408042952 0.795322116679377
0.143878432508909 0.470335819137258 0.465125037661271 0.143947279852201 0.0 0.0 0.4713714951183 0.148085968247683 0.29617802068456 0.300939283306766 0.47155826947002 0.470799606633152 0.481012662124936 0.270974895359132 0.555156568463512 0.531892985002775 0.530943552692608 0.542865958492004 0.565854264493741 0.602814424974385 0.60087522453842 0.3841852122946 0.605357961714425 0.191892415681443 0.629980612668478 0.195805516940074 0.624970539277867 0.642064840053536 0.659590325580021 0.682628486528047 0.395005345696837 0.685989976929448 0.696526207759232 0.706894221875514 0.408894093734209 0.535836465909191 0.875132374951415 0.760421973793266 0.682023627814367 0.758800802859065 0.853991012715413 0.795963632403425 0.748908276482369 0.7946534273799
0.476176902331145 0.475701761549738 0.29818979739125 0.478112223103105 0.377612046454077 0.296159445018698 0.302617958237955 0.288586133370096 0.468529673458277 0.308125323327927 0.148166986740753 0.306365822857907 0.524495435066588 0.535999971390691 0.51627182155305 0.551609665724229 0.548185918843324 0.560860734845243 0.565572912949451 0.573870531864141 0.379817754945918 0.588791777254995 0.379490575929186 0.604917888491399 0.604240745752102 0.190370572297713 0.623826847121215 0.64248405208107 0.632109597489703 0.325853725905128 0.678568881021118 0.700800602034466 0.709381944180325 0.395051613448178 0.754931999674648 0.449510529700621 0.807231199886945 0.687349181667389 0.720575490146306 0.799725152966764 0.774371974409307 0.751735040652959 0.759011416264578 0.753693515188003
0.0597139730174865 0.308899035161772 0.483347344093397 0.486074896824756 0.0699948643740394 0.305979487223419 0.310314565862022 0.308025839962045 0.491586132442083 0.208919878593001 0.486233148878469 0.490555750959857 0.492323029717727 0.299916573812523 0.324757436170907 0.294939307775727 0.558021106861634 0.578890772710312 0.56849333492548 0.56666011136683 0.574828967892201 0.59242658468895 0.606014678397317 0.60789370009002 0.623223020193956 0.194591204545439 0.193645038612779 0.635043681324173 0.646837981629385 0.668666229021235 0.687131188098056 0.447406992027002 0.717225597120257 0.440800747797272 0.851821445696394 0.875492371810543 0.785384958071809 0.762143666257836 0.763580785714018 0.801418333649724 0.740204370756445 0.790479776793231 0.738083014988037 0.518676125107059
0.305494925516231 0.150411700035256 0.309398848040607 0.480825444555226 0.486185190739569 0.491733305565759 0.31917159323545 0.0921268213154188 0.509467749953639 0.314043288054899 0.313741188242776 0.518560490700379 0.531695815014723 0.58501933125398 0.578568427655642 0.560919188265592 0.575252741998245 0.584654482576066 0.575609597493716 0.581963720013167 0.589831705717825 0.590869820621014 0.600535437376818 0.614432572770934 0.621272136205092 0.394504457840572 0.0785007019587988 0.20142812645637 0.412257894772831 0.358154692555833 0.696174013859243 0.706822853885168 0.720593321300273 0.427500062643208 0.8674625940406 0.874426753058834 0.752701809439257 0.855512460142424 0.759946500399683 0.806108135441141 0.811658290103828 0.808085363834139 0.803664802074875 0.867674040803563
0.304243977722777 0.494538600959291 0.498366065701532 0.313569986849533 0.15332563421218 0.307259163534532 0.516433064354856 0.159403755050872 0.513903820048677 0.508356494148412 0.32423058945496 0.536130089180166 0.528476788103993 0.56793952403179 0.532393990968309 0.570520445320959 0.584912908507055 0.575626044038141 0.584120707349033 0.588278816271785 0.595407919077762 0.602923761781826 0.599997116827561 0.600700366191909 0.615573657885309 0.395689444952772 0.195133255527654 0.641040637136556 0.658316003551118 0.36506202425171 0.689678312635185 0.704509812619967 0.718549913988255 0.469686331200448 0.875660927602087 0.839533842292859 0.766231923424363 0.846537738713614 0.83106670135113 0.791970513286216 0.836212374488209 0.665518533394739 0.846009591779054 0.847581517178821
0.492141034775982 0.321152596738993 0.505427113250983 0.211075917161649 0.402303561086347 0.404504565378774 0.327813185340132 0.513497890283913 0.520929053705482 0.161855790183171 0.515879859255046 0.342875690781261 0.156291660675732 0.537630229089996 0.558343084518236 0.589802699678566 0.578952756152518 0.663400965760862 0.570586177825951 0.585656978829766 0.595945672525707 0.612496428015203 0.614239657694057 0.612600196242688 0.617679108534141 0.196538976368982 0.410785354045631 0.202075301073845 0.0 0.681348202190677 0.438501059150062 0.702712856603116 0.4461670232906 0.827018373581929 0.827225332736868 0.840684440180273 0.877353658721231 0.853044441016348 0.836630906639567 0.822893457244868 0.777999127721249 0.850782820156384 0.760895023089935 0.85093113228068
0.49222964631316 0.503533945401832 0.5218490215135 0.489623298971348 0.495071426270311 0.503120620086952 0.322597886802679 0.505671208102545 0.545764295581988 0.523589443390764 0.519823187126372 0.530908735344833 0.163189929767813 0.42097213390551 0.33918252442565 0.543935281616726 0.559898514621492 0.571509698375509 0.36953511447364 0.593573160033831 0.60311119841439 0.613069455835385 0.622925231262808 0.632558204031123 0.401283580860702 0.512377573735742 0.636488355094985 0.651062497473778 0.665700637105377 0.692663279762116 0.217853076651269 0.704534525064282 0.708154566423153 0.868649851120223 0.798872865463731 0.839391305387685 0.871879147069029 0.788231682607303 0.779101460482555 0.845299006189026 0.847780181288153 0.851283699272682 0.833756953878224 0.789259855630164
0.309557853165084 0.497677700925815 0.52290805270218 0.488460457251643 0.501899354827811 0.502355647964702 0.503029602156562 0.510257927194977 0.522169660667066 0.50733395004678 0.331000290064376 0.330369693928483 0.329030302255297 0.527695686104345 0.535314073104023 0.548761371115961 0.556230973011974 0.561354775351326 0.578905361980742 0.600981820256537 0.616298446898502 0.62102100510806 0.626228342000523 0.634306627041604 0.632700546192311 0.62186284259791 0.637859008105364 0.659940505083231 0.440576872769533 0.44042629962372 0.445890739475397 0.698318675435357 0.705558719460127 0.695802564523509 0.797348661398854 0.824405436183336 0.820497427272266 0.734641625116278 0.761436592007287 0.794529257446856 0.842623011250663 0.821023912732712 0.857400113600784 0.714007131944499
0.4748932121176 0.48755726782674 0.513293028095991 0.482575919013872 0.487832365414406 0.487317335167616 0.314236845157152 0.498466472204438 0.508241696768662 0.331202720523608 0.525762812788802 0.518290961362914 0.16027034499631 0.163346088505435 0.340044525661811 0.540299465607899 0.558021106861634 0.565482386192185 0.321219896967206 0.609978826032863 0.619021206676961 0.609402965938441 0.394316666672526 0.626582903940579 0.615573657885309 0.611272763653705 0.635719626305884 0.699356559907249 0.45000625029413 0.702047231286584 0.702553408685473 0.694134157272963 0.759718561798848 0.700951580460355 0.740770695170035 0.844605962072277 0.794145607193825 0.748509149559443 0.790194096015304 0.725303662359345 0.851315289252997 0.822714297006247 0.852411925322557 0.847811109793604
0.470266066686867 0.477380354965802 0.489420304630761 0.478268817775178 0.0182158255892679 0.307547505608022 0.313192463173261 0.512971068456478 0.523339945217943 0.515004254162568 0.523865061761603 0.516578468226463 0.523800132087902 0.335173625966306 0.545661431917671 0.551357319204663 0.566067793291831 0.567531995312159 0.584654482576066 0.598559013531428 0.598029587140242 0.37936674168689 0.599141318871025 0.613437745701215 0.599917368330889 0.59960856618658 0.677214466363948 0.703228527941751 0.448488099162776 0.701181035532431 0.684357795870616 0.676206031368155 0.727636494132808 0.716038697904981 0.727484489941173 0.805887268642707 0.818476107746925 0.714637223330564 0.707505901503894 0.807587528730475 0.837361598215571 0.831132458511427 0.805050943920342 0.865387702068662
0.486478159881578 0.475543809551392 0.473698627809563 0.474568816575968 0.388590963201914 0.137682168282218 0.496886778610426 0.498198710041076 0.513428513629317 0.506483829440405 0.540400667678737 0.519022541424947 0.524686258167056 0.531005328848989 0.538623325174684 0.531798708001848 0.525093814229045 0.527455149051724 0.559932566540712 0.584993687133512 0.56212658803542 0.573386814018079 0.367935980933086 0.594323330442948 0.578794160517516 0.59447359268509 0.63904600698612 0.695443002017283 0.701462554064963 0.662368607407933 0.666888740606325 0.696082370206023 0.707818570340708 0.71417608949072 0.762508207237545 0.81775086179145 0.81897954776576 0.734499763468447 0.715607661009264 0.730303553335723 0.830860919743577 0.822254237844328 0.863730463532606 0.809109849328961
0.49033702376071 0.485554996432079 0.481244815963948 0.30570268308047 0.303904182618402 0.14982818377637 0.486607016643312 0.487891806392185 0.494589224026858 0.516578468226463 0.519973768943233 0.514187017142078 0.328362034690863 0.520844751995769 0.510970185893904 0.513671019417559 0.525502490271576 0.519065300097336 0.529042723212839 0.539718889426958 0.54631992283859 0.341798174469469 0.0658665451847456 0.547078535905678 0.560280271572899 0.603672182479742 0.611985408060822 0.679366814703313 0.655477063560379 0.667522908456766 0.681549748330231 0.697680396932021 0.711318284252412 0.45419933679925 0.445813247301229 0.658770862235397 0.768195742617272 0.742679134195672 0.731659471620691 0.735639176454007 0.848339565718755 0.841882446328388 0.830412334729222 0.845749367782863
0.50567130685671 0.496199560180353 0.313925277508293 0.311345080918102 0.309002460426456 0.149961748477463 0.308911320332478 0.484865379326122 0.488612826564324 0.495003526075094 0.503047253499059 0.511902544796825 0.508971315974071 0.505575234568151 0.520217139763816 0.52939896482302 0.42209201777915 0.555976858833775 0.57814380391177 0.557305737744168 0.555088351212588 0.559187564945056 0.356214506863348 0.369593614860228 0.180379827761528 0.619249661504562 0.596996587823246 0.619225590438632 0.658402637401076 0.697545390234961 0.695071737021238 0.702828474958445 0.706953449468284 0.219129086714359 0.716194965955187 0.801263239882562 0.745640219073456 0.702123372503819 0.714019478562818 0.856400953795652 0.746719699981354 0.795378165855764 0.862504985450224 0.871594568013736
0.515509467117682 0.514768069330742 0.510452499078425 0.318523485179636 0.490555650858903 0.150755841992962 0.497822613114172 0.309371945050938 0.495044758992262 0.499163763675475 0.495739419818577 0.508152868097916 0.510930464677724 0.520925413454306 0.545046415273552 0.564314832831391 0.346457782853647 0.577166145060291 0.595461809049966 0.584567891634332 0.565673705285096 0.568969449121167 0.367108445822559 0.582010212967363 0.388237753499599 0.616142964024261 0.629118587214091 0.411803704049527 0.424453298551737 0.685040789975828 0.695646461730294 0.448265244081511 0.706318219971052 0.706318219971052 0.730413410179144 0.70311180897024 0.721125407264622 0.662476391397267 0.738944088559965 0.711959940488571 0.856475488980415 0.47260907666416 0.844816318832155 0.825461412896143
0.523317077306888 0.530908735344833 0.549557208868253 0.513787373043926 0.493060370511912 0.297869462006695 0.216163244338368 0.493723496889144 0.496186056006267 0.322598193619704 0.498037737755217 0.51974415370552 0.506541140200546 0.513824888213479 0.375710527784935 0.56120934400288 0.560179229829696 0.582390673996651 0.591909628110177 0.595992510852491 0.596541954156069 0.600535437376818 0.604016936092821 0.591845696588004 0.594367873667978 0.620209205755714 0.439227800832054 0.662057070511634 0.6821427958002 0.695142062829997 0.69706970396683 0.698195148018552 0.702828474958445 0.704763366853159 0.704992162538883 0.719744014103451 0.726814610141332 0.76188675170325 0.723691160691314 0.79791565152014 0.585985115269239 0.567757950304885 0.810376974762936 0.896789170850096
0.533199796716058 0.538003941990348 0.299844967057088 0.512390781283146 0.502809259912576 0.506143003851972 0.327987189376885 0.497326664829576 0.212558402136377 0.512535909404915 0.509486678968947 0.505230162303835 0.550625768564758 0.577972695910586 0.628674717634535 0.592243662836439 0.56057402965034 0.566660206955244 0.573277996178595 0.592419496548488 0.611687767645498 0.612890058490968 0.62621059248246 0.620566897644467 0.628935571625923 0.639206678110014 0.64830836951904 0.621348911181567 0.679431371008041 0.693149184373411 0.684811855005348 0.696351272987261 0.701653030761192 0.705117588958125 0.701931967854017 0.810337582944161 0.8465388696984 0.826261444342958 0.793783252901683 0.803720534689571 0.853961529674521 0.803159924578326 0.509769982172667 0.520096461437035
0.52447610972319 0.530833519665712 0.523515187647616 0.324306046298719 0.15764558354763 0.51475476986845 0.159241983150592 0.156593746678239 0.509763875743039 0.51592492705886 0.514310436557909 0.52674334396719 0.528513989198036 0.596954764733545 0.644406790792363 0.547862878525726 0.557971588337785 0.359974446155046 0.178887455590934 0.586209885267256 0.604665734882214 0.397015408141551 0.628153031422748 0.612066144006368 0.619587894638927 0.638057419506156 0.660346635861223 0.677299839937269 0.665444355350081 0.674991181542137 0.695233835651943 0.697614219922169 0.699864684334434 0.700465769747121 0.698999079537189 0.717070912980704 0.797841159210623 0.802569841857067 0.803020878938873 0.842426755172226 0.794763128686771 0.84529527561118 0.671652656836339 0.791342732624305
0.533179703329758 0.530326139506226 0.519077249316503 0.525727869623348 0.52462201084027 0.423457950360617 0.159443131991026 0.157019561675058 0.509823812727566 0.338305460491652 0.534370358294839 0.524361416217144 0.520974987060609 0.605469198018771 0.613285006716661 0.551647387440894 0.557080954403016 0.566497288826141 0.574050250607683 0.591863540751952 0.386986197969097 0.602470837858839 0.596520133851385 0.588153353215814 0.616106757762988 0.626474829784895 0.652769299098034 0.662355515289139 0.672997680318712 0.694791117926582 0.699530590154477 0.700654441194072 0.698894286832169 0.702251739150045 0.714946725471361 0.749043852027604 0.828819581878825 0.779665215040629 0.737638890196823 0.858560238321009 0.805871614876259 0.639658199897358 0.814175886710581 0.794988102176738
0.342958236147831 0.0654652286172976 0.528043574558085 0.53571512244446 0.34185802845141 0.524129862094711 0.522407218508293 0.519705833630631 0.523588249814135 0.5333833468192 0.339785439031904 0.52868149455966 0.540318627927015 0.545762997105154 0.396530222941061 0.557497421549378 0.56883022901474 0.57814380391177 0.581899867520988 0.591378833491479 0.589831705717825 0.57469939707848 0.564770777235598 0.573471900483705 0.58420740817679 0.60420797171115 0.607945866667286 0.669210697320642 0.675091436986169 0.697841949791225 0.700815237865819 0.697334250452112 0.697841949791225 0.751488402152146 0.853455646599082 0.793536707843339 0.750086020920348 0.800219709155878 0.671768465758431 0.841375835301999 0.810082215797427 0.797934169947543 0.85562720409089 0.833317367208653
