data/suitability_32.asc
NCOLS 400
NROWS 400
XLLCORNER 0
YLLCORNER 0
CELLSIZE 100
NODATA_value -9999
[rows 120 to 139 of 400, columns 135 to 179 of 400]
0.891828544425607 0.890682208237359 0.890362205498955 0.849214275777455 0.862612368650585 0.914678734511406 0.902034164380699 0.897426710197579 0.880428047747869 0.891918484061782 0.895829874313796 0.902536138945803 0.925007999462657 0.93952841693011 0.947465670617957 0.935706830980451 0.937733661970184 0.884522065853849 0.939199623222714 0.814219785120015 0.288915074047543 0.657031321563261 0.765586422897582 0.804177327394338 0.707543266868592 0.731003916091532 0.953553890696356 0.959131374282414 0.740834765299255 0.740834765299255 0.958618175504725 0.962549194612607 0.978995178397418 0.968869420344939 0.747295176557135 0.747295176557135 0.748425138284357 0.751796462852957 0.809517938410162 0.739783142860467 0.754139154001858 0.756837434345468 0.347638224431093 0.341030930450477 0.258624109204898
0.89798460628254 0.920944028525307 0.796186649080029 0.904812292096246 0.902772911079578 0.801341588106464 0.815564801421231 0.920441268746291 0.926229606817565 0.91738402705792 0.926974622042655 0.926731502475682 0.942625795013449 0.920630254251628 0.900120560623138 0.94865234118792 0.69134876890446 0.625326738821167 0.504719920231872 0.653514705928125 0.828065917820866 0.692948245444224 0.53769661514076 0.732993385335087 0.735826888512468 0.738304503845657 0.740632629162351 0.963130241266316 0.965661956983307 0.744178533267656 0.659793135182989 0.962831436215611 0.962266231695589 0.969825480610723 0.96364783613847 0.963374728310084 0.780646748219879 0.748213026809022 0.781081171690088 0.625002467531232 0.479912665511872 0.576417609231234 0.474372196129792 0.452922237574677 0.438491699377551
0.786865982645257 0.801341600809176 0.806135159995414 0.815814356034904 0.918263304362055 0.918263304362055 0.745981256176724 0.940855705316426 0.739710660136136 0.755477995262822 0.931524916138775 0.91611813349532 0.929971481318863 0.952052249830274 0.954188675822427 0.950803435554546 0.676118381970742 0.586777931452326 0.608142354789582 0.665860699310877 0.908660210527792 0.970258511617031 0.788075672434246 0.797095974391491 0.741430215911625 0.736677576994302 0.770759411572645 0.764746265075423 0.740908225522509 0.742928317115826 0.743193905952556 0.85670398674838 0.762606807914295 0.965661976227272 0.963374728310084 0.963091522708927 0.97724485764977 0.783513238659109 0.778864743287554 0.755229995975853 0.561579005334946 0.459631839946505 0.354391457721965 0.341225762802569 0.737520197130296
0.748215774958372 0.708252805243528 0.707436534238744 0.708104428936778 0.703728823430162 0.682314957494444 0.93621503642727 0.913628587539597 0.931060152725212 0.903085397831323 0.912967741288447 0.718101738574054 0.724032481166656 0.93380643291525 0.942483476961003 0.955878895883033 0.842101593141241 0.574922369987082 0.577227847921097 0.682205912550372 0.728558840350011 0.731585501004453 0.731324060563911 0.75373677506517 0.736414316842205 0.73846467872243 0.740635623439959 0.87099281962301 0.820828281181389 0.819254334691011 0.969780511974123 0.967964518297948 0.764062315572019 0.764062315572019 0.972388194253248 0.96249485082916 0.751743219141799 0.752430435213023 0.752209255895446 0.784816191716121 0.782046648819317 0.751181249039117 0.610378562034817 0.61122678040975 0.755263393041557
0.718290137897244 0.718101738574054 0.711002726990462 0.707250981692191 0.70336714105429 0.70336714105429 0.926037806121048 0.922712860444243 0.922712860444243 0.92718599892952 0.707436534238744 0.706857621261917 0.710398380963696 0.720612319507167 0.778157726526307 0.78729352753655 0.832282244905059 0.792575295445455 0.767157780848861 0.748796497911602 0.700016566201901 0.733395310874225 0.733673005245861 0.728290781972066 0.722595987319282 0.728015124765625 0.860458683777832 0.696130767244199 0.740355293725506 0.617090780035194 0.970878253437858 0.956458580782317 0.980191109891911 0.74623439583576 0.748067634864006 0.74650904070934 0.980030293899807 0.750495189351192 0.750960436923786 0.751980182197862 0.991474606385532 0.972718104223976 0.451444280585506 0.481013716676562 0.756837422862297
0.773968944469069 0.707058021511243 0.714012914300297 0.717702356472752 0.710808743216093 0.714620333805457 0.718101750932859 0.721248227335249 0.926478661146314 0.935706830980451 0.932894784022081 0.930254776658672 0.723812002202566 0.717272857064074 0.719401694474623 0.7201506677051 0.725908350236754 0.722056739572998 0.756245200492853 0.782774167193582 0.727731895051254 0.73077828132558 0.756237521828098 0.731324060563911 0.736143368201772 0.736143368201772 0.858599458945883 0.74452157713284 0.744239776589474 0.743347867214383 0.831658242599676 0.542596156751143 0.780495053789246 0.896426217480633 0.633768497480166 0.748335060951236 0.747286235553465 0.979073127028142 0.98823037300939 0.75352086467595 0.752833825570248 0.971033482930376 0.841555026624899 0.62719307493328 0.753735639632066
0.710398394637945 0.716813344649321 0.7201506677051 0.720385270254465 0.723822608870437 0.77839360817993 0.720385270254465 0.726870091108863 0.724032495103344 0.723583930379741 0.726971110245742 0.727091501591458 0.73000718812661 0.729554935904223 0.729554935904223 0.729072130254845 0.733943061752701 0.758650461766957 0.451908794575228 0.46720602827024 0.735284469712941 0.754884454081036 0.759786665509649 0.764062297229248 0.74452157713284 0.904109948492599 0.759348368450422 0.747509360077229 0.745057967837298 0.821556273890336 0.982904608032685 0.984776064492912 0.983099205724558 0.979160444786512 0.96772260525217 0.959099824240595 0.981071524716548 0.977975026053318 0.982999578724722 0.962056366568481 0.880150187983632 0.88086738712885 0.779772365720917 0.590230703072419 0.754540238535804
0.708728096406934 0.712596302365232 0.712596302365232 0.717046860003281 0.723348286146361 0.729554935904223 0.727091515587028 0.755439579417424 0.568811179691898 0.679959844234202 0.729317347137583 0.726404415863086 0.726641055687881 0.732085446238108 0.740908225522509 0.740635641220328 0.737897984401102 0.788559034234444 0.721552013159971 0.605691657319248 0.619999868554237 0.678599449688171 0.557780017850849 0.805151433746778 0.747509378530941 0.745951947499791 0.745951929084527 0.745951947499791 0.749864748778442 0.750952614503106 0.802627112820757 0.849493565562517 0.987388336836385 0.970536732824482 0.970326955986767 0.987593869734878 0.962533849110402 0.934678586796269 0.936337008685742 0.937434994694098 0.894474259914243 0.895433896661195 0.76868134590032 0.707472341196909 0.807721305581804
0.723105076228814 0.725908350236754 0.725381968266208 0.728819308759863 0.72881929225424 0.725908350236754 0.798487319459483 0.782126924394775 0.664930078497499 0.682686529607279 0.732085446238108 0.726641055687881 0.723348286146361 0.734205437958665 0.753206120468063 0.761789538728368 0.737897984401102 0.736990291902205 0.46927142744776 0.440351331558437 0.596908529641189 0.743035077004787 0.744744458041683 0.744239776589474 0.746234377920981 0.720882303209318 0.981838672346601 0.735249133765334 0.667557909779385 0.736177502026172 0.749257592305782 0.748942315367923 0.987044928036226 0.98483494780839 0.99143189486976 0.98421817650861 0.983951049064133 0.985985348509182 0.987768190955424 0.988530849612658 0.928715891275999 0.929067541618836 0.86417643714474 0.805861322270398 0.831092521965583
0.716813344649321 0.723105076228814 0.723583930379741 0.723812002202566 0.723348286146361 0.726641055687881 0.726870091108863 0.730221853212624 0.73000718812661 0.732323936764803 0.733943061752701 0.734205437958665 0.734707156945579 0.726160178389283 0.757637947529418 0.763902475201063 0.741788495172526 0.739771502861701 0.739771502861701 0.743347867214383 0.74148420449555 0.775570692496387 0.809408876283076 0.746919928031939 0.746613532378693 0.750344577198646 0.750652504000022 0.750652504000022 0.91702786722173 0.750344577198646 0.752045347902189 0.751274006462414 0.75158231468346 0.750344577198646 0.868594681385847 0.838596789641729 0.751882796924399 0.752175444621228 0.751274026542037 0.751728918519639 0.972114693927325 0.972700979362894 0.971913395073133 0.983724037270644 0.983934357571205
0.709958291371048 0.78951092202312 0.716813359908496 0.716323845041642 0.716572347702943 0.723583945291239 0.72730532279948 0.72730532279948 0.727710061218008 0.72730532279948 0.725908366676452 0.732554763415512 0.731324060563911 0.736143368201772 0.813179148317492 0.813179148317492 0.73873648175612 0.739771502861701 0.74623439583576 0.74623439583576 0.746509058123121 0.746919928031939 0.745363725117151 0.747698920175986 0.748013673690584 0.748942315367923 0.750344577198646 0.874612094985646 0.749565073029727 0.652519809073357 0.750156611010909 0.749565073029727 0.748942315367923 0.748942315367923 0.748013673690584 0.749257592305782 0.751274006462414 0.748942315367923 0.749374009404153 0.750028863429623 0.973383357104958 0.974192714426577 0.976262754770077 0.738916590655099 0.752967035793311
0.71422286238042 0.907571668437434 0.601485947078624 0.847419428037287 0.818414146227961 0.940811477312383 0.714425337958403 0.724450706208826 0.7201506677051 0.723105076228814 0.723348286146361 0.772532703923123 0.729554935904223 0.733943061752701 0.734707172585669 0.737421152510703 0.77593995100361 0.741173108983747 0.739771502861701 0.813693538774246 0.73946803957954 0.792168131916106 0.745363725117151 0.743652922702245 0.745057967837298 0.750028842873005 0.750028842873005 0.751728897916426 0.85036575012408 0.892525848708981 0.878181556719562 0.752045347902189 0.75140463172407 0.74970531001733 0.74970531001733 0.752175444621228 0.75294771157766 0.751274006462414 0.743757503959585 0.744094238251469 0.739847224470025 0.743035097369721 0.747046120910721 0.667541426115436 0.779669237419994
0.62892291006134 0.743667545531631 0.921887243244138 0.487159583279955 0.614914938549037 0.71060727990611 0.710182053791642 0.784676919402723 0.716572331961813 0.723583930379741 0.722854323938588 0.726160194341032 0.761651718386392 0.772291652509433 0.772518751717099 0.766805142370248 0.753736791622702 0.736677576994302 0.736414316842205 0.738185188931533 0.742085061849226 0.745951947499791 0.744423204661166 0.961114718830655 0.963922227104711 0.964927539473824 0.7497053310752 0.750028842873005 0.854325714796955 0.872582567008257 0.872968363627537 0.877837946530552 0.75168457751354 0.752341451694613 0.75140463172407 0.881634806560954 0.825241612583453 0.749962692779661 0.748333403918593 0.75002961599041 0.750640785091798 0.751344452012077 0.751344452012077 0.751072580167401 0.752137920851205
0.876516855228871 0.912554241521682 0.710182053791642 0.720612319507167 0.717272871358076 0.720612333867718 0.723105076228814 0.727091501591458 0.726870091108863 0.960379534336485 0.958880962619128 0.803262953874495 0.822528164372793 0.772056477889579 0.739746492320068 0.732085446238108 0.73077828132558 0.737897984401102 0.740067263145864 0.742373896073244 0.743950234776157 0.746919928031939 0.74566172116903 0.74566172116903 0.823434739988428 0.986413733639701 0.985805760110152 0.747046099419169 0.750302214869555 0.902518383389345 0.875317710213795 0.876594537017371 0.861614052451828 0.861976760012209 0.862133694602276 0.861873083613555 0.881651996082686 0.751878733921037 0.751158686275607 0.869927796078257 0.750407549041769 0.737719243986969 0.550893799136408 0.99051002249442 0.581140828783035
0.419252033567166 0.597033961471644 0.709242393299176 0.937708714251963 0.904452729023789 0.912273432138669 0.958523633384896 0.90168742616478 0.952803784784668 0.802301868040928 0.760047638478593 0.736933141148047 0.739000572057054 0.73946803957954 0.816573249590257 0.744795609499103 0.744239776589474 0.740635623439959 0.742373877746311 0.740355312002607 0.82113908080181 0.749194768675067 0.748619822161129 0.747698920175986 0.748619803170865 0.773747672056103 0.973523370150215 0.966927742699601 0.968341837999982 0.987584067801845 0.987168506472908 0.98880735848847 0.932763070386975 0.876542854791031 0.877071500549218 0.877071500549218 0.892014692545857 0.865993964159705 0.860232202107251 0.875901817276324 0.820656457090307 0.709424510147912 0.74463237451844 0.989789575621887 0.861382298394505
0.711211132874221 0.71886483051575 0.931284911188398 0.83467545582984 0.961142819557464 0.826563118952831 0.758659480370862 0.86528352669479 0.938092532712589 0.80381868732177 0.736414334020507 0.738736498988591 0.743944058814082 0.743701784048079 0.817793396011866 0.743193922783721 0.742928334446079 0.740355312002607 0.745951929084527 0.747509378530941 0.745951947499791 0.921606093603328 0.747698940668746 0.748942315367923 0.749257592305782 0.745057987750782 0.853272671908799 0.745057967837298 0.964307578276912 0.964682906567796 0.96267301963906 0.963526814464926 0.824804081001163 0.825133837268378 0.75201694239352 0.751684599138534 0.752765024059471 0.752795211827604 0.751093498914964 0.751449439058533 0.861483099538412 0.703345559467034 0.751023636431236 0.75287647630671 0.640488933410319
0.571639087279752 0.864285364888935 0.83512819512936 0.675797128269482 0.936676062871317 0.727731895051254 0.727441064470315 0.71943334296048 0.7373005172737 0.735284488865052 0.743451730715483 0.881903793509732 0.449638576648106 0.583097644056476 0.991776323763301 0.874059269733216 0.683732863178075 0.977289190450521 0.82832226596902 0.737897984401102 0.742085061849226 0.74423979496247 0.981028399021637 0.96611599068412 0.663119627161786 0.676990294474642 0.841212332914391 0.882543153676906 0.880330443842732 0.82229651841972 0.746775926528308 0.749194768675067 0.749565073029727 0.750344597253427 0.750952614503106 0.752353972666739 0.989347740972316 0.639668236585501 0.732521987424899 0.972972314144806 0.860861777240526 0.989944448192291 0.750383738551406 0.827323753015805 0.751678317565086
0.849403606435171 0.846033051841944 0.922023677656877 0.72519367486879 0.725873465740646 0.966541248174339 0.846870843828065 0.976122875312405 0.871624888837078 0.760889777222669 0.509302189902646 0.600152286493116 0.974086166681641 0.966800860023558 0.959391858818243 0.985280883880485 0.742928317115826 0.97155548738999 0.862097334867708 0.746299368023644 0.743035097369721 0.942447110983663 0.971202185239086 0.926356801559118 0.930443514947165 0.928882520025696 0.75307291013223 0.571844642595752 0.925839000640283 0.822020021841273 0.751498419967653 0.823763948793777 0.775988933734899 0.988769049521026 0.447874206800216 0.448887418718161 0.450446743640951 0.450718420618498 0.450961615219087 0.450676511815365 0.450800464239022 0.449595944258538 0.989425394921571 0.752091864706764 0.752227084488476
0.733700009559171 0.72411767612874 0.724483820349899 0.803096791919364 0.772625560730812 0.945782033643048 0.507991930555234 0.63836217124269 0.50839281251243 0.858549195644931 0.853860242028585 0.856373223141891 0.962277067000072 0.748594685700096 0.747034977028058 0.74566172116903 0.743652922702245 0.743347867214383 0.743347867214383 0.981028399500587 0.967260808040005 0.96504818419482 0.962461975590903 0.532985867125659 0.445176447779188 0.445514728950972 0.445546619203637 0.64886244286604 0.748067634864006 0.870286354025249 0.882040376797843 0.881400756780392 0.752737203233443 0.753268071645071 0.752045347902189 0.640016304647408 0.450800464239022 0.450311616497183 0.45062030646142 0.450171487486896 0.53864689998997 0.655699235615776 0.955388122466897 0.977137265920507 0.86105109509533
0.832859403624215 0.738177331008517 0.739468016147878 0.594679546125314 0.819844597817933 0.764926525225198 0.884573478459444 0.949542794509682 0.775678817723858 0.82222201717338 0.747218565207665 0.748320663426191 0.74721854625298 0.748320643934556 0.750156611010909 0.748619251197353 0.748320643934556 0.748320643934556 0.889213311325143 0.975180537139487 0.953038534090655 0.975303593899143 0.961845023421127 0.971608678531899 0.742333620547402 0.744612359540939 0.746362278508831 0.750957881046158 0.752045347902189 0.75384656995739 0.754874212259288 0.879263167401451 0.75412905674543 0.753644316996564 0.75290038704196 0.752675780901087 0.640197692407903 0.5633240670154 0.55328001711867 0.443057922745129 0.446023697664411 0.987013476254019 0.941843763957259 0.970703206529882 0.869495884246262
