data/suitability_32.asc
NCOLS 400
NROWS 400
XLLCORNER 0
YLLCORNER 0
CELLSIZE 100
NODATA_value -9999
[rows 280 to 299 of 400, columns 225 to 269 of 400]
0.971790243396911 0.852307392122513 0.863518850916652 0.851709665265564 0.956410338164364 0.691934902869871 0.746459947232658 0.964576340874975 0.978705228062414 0.94922026520124 0.977248309996177 0.943430888401175 0.947837787698912 0.589605950787229 0.508460601387513 0.846913471852184 0.933934197061289 0.932418129856513 0.96065845328179 0.974425399616024 0.922154095307596 0.835300152279144 0.978290459453718 0.97496597189163 0.947605568970332 0.845502416846928 0.845526261420229 0.844309227521674 0.901226093318477 0.958605345110945 0.75477757781537 0.716843295227679 0.718419877273302 0.939072130032773 0.977008090986973 0.898486669812798 0.80548937086741 0.979319118219234 0.836219648986462 0.835290305985113 0.866338242973143 0.849659011411166 0.848650308059766 0.907818898954336 0.961645985917042
0.93743537763654 0.971614757203144 0.891618817640299 0.968090919724432 0.956818566583232 0.975856708893227 0.975777074169544 0.973884257972403 0.972980418710476 0.972935268205277 0.942376975175977 0.908970491788942 0.892508692860603 0.879176711320711 0.168805263726251 0.779121982282694 0.811763554058142 0.935243098642027 0.918409211612264 0.989347812541629 0.975172080578173 0.988027143176697 0.98620770714958 0.944724002664317 0.898355860740419 0.980045489706647 0.97369974849583 0.936427838101348 0.862234405534614 0.829967872779235 0.956331066174449 0.962373875843422 0.861011557013719 0.959886356898268 0.939072088740767 0.957134394324134 0.972720007920814 0.866926142886082 0.92967558992848 0.946438028580294 0.847493164208784 0.8465569911062 0.847194470055242 0.84680923659713 0.974699615947378
0.906254642612138 0.935006598595599 0.954380209445874 0.976063199105792 0.94521949099485 0.902110087544434 0.976564310881968 0.88809552757483 0.950856948130343 0.975650311972447 0.845257295000117 0.832102276922381 0.88820647390056 0.834659219164019 0.875320723543386 0.952730541617789 0.892508692860603 0.893536089666614 0.974416513635119 0.98028345266376 0.964603739919854 0.954134222863798 0.956147283556832 0.861624295897085 0.88937388801697 0.928826612815418 0.641352334098163 0.835089283606705 0.918248548900235 0.959886356898268 0.957652044736399 0.910889241743762 0.859966170560567 0.966067340183292 0.850839678507863 0.929252838620349 0.978612526488512 0.90759808256765 0.973699745642966 0.97087545826774 0.956663110110842 0.874526491029135 0.966785570856057 0.941892177047819 0.901890311384951
0.967580987628348 0.789099347264132 0.915586180063773 0.983103811427202 0.986708469841591 0.973089300830979 0.984657200371523 0.971190899019336 0.979488591524497 0.9770508015616 0.929676913883232 0.856828083497748 0.829063461428315 0.851450555879945 0.953002273423518 0.9070171524833 0.992106508556951 0.9629194046843 0.961423504737793 0.759147640771884 0.922851244944782 0.739556626538411 0.734057086016287 0.959332499245935 0.514583416586013 0.984697548840949 0.85807136157761 0.900139392917302 0.919021680139445 0.928696466664788 0.845502476332298 0.899135706101719 0.84394606695186 0.844866211098242 0.847962035914929 0.903234880217538 0.967898907328447 0.846873430198003 0.844309227521674 0.949878970463378 0.841609536369866 0.954615379137186 0.908992953271822 0.825735378305031 0.931196553785369
0.898101983857624 0.989792410192009 0.990303355977129 0.97997606636075 0.977425611578348 0.951460077820472 0.979803137944343 0.979563738551938 0.932715736382462 0.902240950346211 0.962794884439419 0.935569470891239 0.902342649530442 0.969306749863718 0.989499039599259 0.879833423419317 0.865503896937498 0.883379295053694 0.982844983944554 0.849826030442763 0.452282983714739 0.452094718170505 0.516123433972718 0.845437952539029 0.825302176826009 0.956230802414297 0.858500971932727 0.973812973680591 0.948146496824554 0.927884166220875 0.861542901919902 0.924159367237374 0.900244567600628 0.845608346424847 0.846873430198003 0.846245151701072 0.847962035914929 0.945064403482153 0.969034280743411 0.808638320117624 0.966761980938712 0.929647172460639 0.961694773412479 0.943565485060642 0.966978203134055
0.811331374552694 0.75292170884917 0.689008504787712 0.840311521725166 0.95174897506909 0.982267534393813 0.976176360727668 0.95797977464712 0.973400504935675 0.926648080316508 0.962987297736479 0.74705082196303 0.578836959725881 0.970750848672535 0.924828229707592 0.733793615225763 0.92380153688102 0.879017567309761 0.733535766745243 0.829895866628053 0.539352257370637 0.451875466911584 0.582813676781225 0.82874397304126 0.771852923383911 0.861624295897085 0.914429722569346 0.943695103355078 0.90834457569312 0.849358196195604 0.924159354995948 0.918771456683839 0.840175544326691 0.968009174257799 0.923784913834669 0.923079940370214 0.97070400998394 0.830039577016572 0.967159564390854 0.955478033097783 0.899084563246682 0.859014475054956 0.912405063581509 0.757671266535734 0.505576494993908
0.840041375146848 0.978693271940081 0.819864363997652 0.834642129521533 0.979066951886343 0.511012149353564 0.922559772410312 0.985111630040729 0.835231500379796 0.978385258806696 0.872327579136827 0.765681316514395 0.955417904805799 0.847141152710386 0.93355706173616 0.977962563258915 0.844402190951686 0.86257630907148 0.863882581468607 0.909864202161447 0.993569664085013 0.863020355591631 0.807970234137162 0.916537681011606 0.858500971932727 0.856546709741988 0.957349473828627 0.977428402779447 0.952295180288921 0.842603119452053 0.953913734318336 0.899066230543726 0.900545419992526 0.904399942119962 0.900618608057907 0.856644280279516 0.839955098958632 0.95247709464303 0.920167492450559 0.898861524961638 0.932909827398374 0.962718267791465 0.91620270841499 0.969251255237353 0.835290341572812
0.911166155488565 0.979331401178592 0.883157757795681 0.851097955709124 0.848694503121188 0.976590231170976 0.681159022067285 0.950437473170528 0.68340005771402 0.979160864872499 0.942030098042588 0.746959004688127 0.855985560523842 0.857827328324028 0.85808229961596 0.856485434779717 0.856721904685834 0.840538806786101 0.858793214582472 0.948400017074939 0.963353576873909 0.852861805437943 0.70319168233602 0.83320998256438 0.842057253793184 0.840692985056112 0.838246386764544 0.838946445637061 0.841995950509619 0.827894294044347 0.943021108440595 0.836037888977469 0.817376465626874 0.931705488305321 0.963995879706563 0.960481168270448 0.922373592427736 0.915076293689435 0.906618393939844 0.966106230501888 0.829311045764166 0.779299506721142 0.967898907328447 0.960387073335407 0.651474790329836
0.756090117282389 0.887318533426137 0.827112788330682 0.92364373866419 0.777182125854795 0.742458337608558 0.639833219573944 0.845679706991369 0.844193499336801 0.945697143128941 0.833476899441678 0.834379016167458 0.906771732528379 0.909755042670101 0.855722170451316 0.823704961488154 0.975979700641254 0.985111632927028 0.84303148226581 0.984986647065552 0.932418129856513 0.943566718774313 0.908068236643299 0.846134813325263 0.963321820282002 0.652730829839151 0.838467796345744 0.83976308454173 0.945851267163208 0.820532576097561 0.831354930799172 0.834759220140117 0.891808825897599 0.837310611648604 0.837126580348694 0.932753423997792 0.956849406318383 0.943170162686754 0.958027606534868 0.940654040348466 0.947773368016901 0.977691253237417 0.596860163372588 0.803685110726345 0.748587732969229
0.608006988723077 0.95833877961897 0.96003900934067 0.922654109135322 0.969698736782028 0.814846462557559 0.444495204963938 0.747142097942487 0.865712563965038 0.916436213516119 0.944274160816804 0.938795096750935 0.857150433264596 0.967086972017706 0.867780262869314 0.981237332408271 0.903912897224257 0.801393340315362 0.868836481519063 0.919310487138152 0.909108815608752 0.863487069811397 0.946014422575386 0.935422576256767 0.901640833179481 0.871324203327738 0.753991611086669 0.956177349329558 0.83342083955039 0.835459005242269 0.829214602300264 0.828779844687807 0.828023781873789 0.83185795917054 0.832764923799828 0.688905542029859 0.942103146538317 0.88130056757674 0.898420845201041 0.962253365274719 0.966043843280107 0.619733477236364 0.831011913060979 0.852502420500716 0.928726923673287
0.849928566186377 0.94159426815084 0.9291915327354 0.92199776094042 0.925697923950567 0.966192022082307 0.741764630397136 0.78058968157397 0.615338055439372 0.95249908240169 0.923861167669664 0.926017039962436 0.874482540802736 0.831639495230912 0.885984824676373 0.869329375606895 0.955873539343664 0.968633829110728 0.878353906740011 0.931267613030407 0.874333513185608 0.837225291187121 0.892025462665876 0.803897456219723 0.835027508675253 0.830886146185139 0.834086578357331 0.834756509230436 0.839621923803266 0.836901555000782 0.819491593756221 0.93154024398023 0.95247138726898 0.899449374126066 0.8997895960074 0.925082155707426 0.882323644598685 0.958095548070561 0.797028338787036 0.793764418291792 0.967023720797023 0.627590736438934 0.572053368414247 0.865145424324715 0.833900704392667
0.901424652519622 0.844424000176273 0.898514018051391 0.960318200382529 0.963888313819701 0.948022166586451 0.812897064273155 0.916994599479244 0.89775394616369 0.843343380194219 0.917722602286138 0.956779778538682 0.850959420959651 0.837731283158314 0.867421094369584 0.951951455245079 0.840585492468098 0.905853224876053 0.839010060369009 0.833082820178763 0.835585271064438 0.831389098821236 0.827555128899411 0.823205781552223 0.823851970651334 0.827142687948353 0.825854403217501 0.828640509294061 0.830089212143214 0.886813493785311 0.915833590508106 0.869723810148149 0.893333187691135 0.91034152318767 0.95070957814158 0.950461877334691 0.904433549180523 0.947596925089953 0.914214981288788 0.957795491771803 0.606651805767043 0.434488708169923 0.477728563329846 0.914593340502036 0.547541448848518
0.493354463809649 0.945723989665562 0.861540475923337 0.949795930586546 0.862168494321075 0.893184215707889 0.607594659337689 0.611165481372366 0.78645897575765 0.829482901666629 0.885471561614758 0.960199378545098 0.669115593392945 0.912260222436241 0.84927995515488 0.927065864676726 0.954850721207258 0.94526615783682 0.826502671396335 0.878818489993694 0.873004510601009 0.811629820885981 0.817732713735027 0.816354712107431 0.817047731961269 0.820538556990025 0.824533019432861 0.830089212143214 0.890202775863682 0.954031853710741 0.89627523291364 0.88614876858413 0.955149426860554 0.873448258917025 0.893670339927654 0.940839412617914 0.915843569221845 0.895713900354514 0.760371445650619 0.578494151128205 0.429274770954093 0.428876434452165 0.649670492845089 0.581408206538887 0.619553685635723
0.915289756270832 0.806249604339453 0.868947693055129 0.636660566666904 0.47275847670334 0.547411252101676 0.728861311747902 0.832711627329748 0.688553353724538 0.927644342433899 0.805090461040341 0.883659077492616 0.934906651757302 0.870064699285075 0.931577667974551 0.844947332458751 0.939111651069003 0.919114080398884 0.856442287070943 0.804478739035511 0.800594672449021 0.802168706221737 0.807576111094482 0.815917956927588 0.821379235272324 0.822928751482952 0.951010452743847 0.946356928858613 0.959681737044687 0.955560820171579 0.881241945561049 0.94367740321819 0.948274192714445 0.966951930151588 0.768134918992271 0.72837383501063 0.949909875411137 0.881462261469936 0.943974822857466 0.941817253122636 0.819232888685842 0.812628591605483 0.849502963698743 0.636674862693068 0.889303699679545
0.419403278154504 0.422098792378054 0.548608422580799 0.425058256536058 0.87861727021645 0.808052793436061 0.845909289771021 0.901552357711823 0.703356425836022 0.913070454912003 0.929039004354303 0.783017742621474 0.858037348278694 0.807741924809009 0.855213828384774 0.800734144715544 0.766134924955934 0.787810650331483 0.782788644567763 0.786898085833049 0.789613486452324 0.793989328721921 0.798757907921456 0.862513802195032 0.935582949086256 0.832489109257474 0.950770833740615 0.947991208769426 0.91469468417599 0.82129247043779 0.771778782594452 0.88960583971572 0.969040292723057 0.838278511706631 0.875550356801545 0.710823654332629 0.949953831085234 0.940339994853769 0.912600825813401 0.903816728538496 0.802649698143666 0.796062862823873 0.789207150780801 0.778049868716898 0.817540315142343
0.780973772382046 0.875656103544952 0.705270265266614 0.751225207083776 0.734449598445435 0.743323801954696 0.901953571733174 0.94393051276339 0.915823525356439 0.936424912755036 0.899636039897279 0.918796678756561 0.823506413910419 0.812873646196749 0.904687897582358 0.790519584933811 0.884701519695052 0.872777347922188 0.764449090895066 0.559043524259255 0.561441548373633 0.64995624489615 0.911391592052734 0.798218855870229 0.819073476789869 0.868754793511891 0.714580732536268 0.427145873738474 0.758447293108011 0.829317538304484 0.78707179562806 0.839128869485219 0.794178499643735 0.814742788387038 0.827259722791983 0.828736587350088 0.877311968866798 0.895187428380464 0.843055615739831 0.78434356108033 0.795012175701522 0.843781945107609 0.774569294882559 0.773857484390829 0.814963419694802
0.891235729905547 0.899010996889223 0.843759939546246 0.842190413338881 0.925040059037871 0.90430240516723 0.836387296361384 0.912827577938568 0.909612286610922 0.920411943708337 0.870077768274285 0.907332535898182 0.844924670639055 0.796473540104326 0.464249932346191 0.405741411328351 0.404136866712046 0.562959629489601 0.621263744268729 0.704057984506985 0.664331289989867 0.568774712891585 0.838616306018164 0.868374173399094 0.867804170454913 0.811897660126368 0.913480397302009 0.900755381670653 0.933057798665313 0.594745421427556 0.913217806873251 0.946391724533602 0.785940545119931 0.820019449368376 0.819175121986743 0.940667991391779 0.751391565883842 0.794489692167059 0.78461951904596 0.858274688987229 0.888129872471272 0.897727429766123 0.789866706858115 0.769100922108987 0.758378018863197
0.89804093045255 0.833385657718294 0.807959141358035 0.806660766157516 0.867432970372626 0.780316052095609 0.8973098139254 0.79464638744762 0.824408232536328 0.848374257596738 0.784613734722557 0.663840451329592 0.638465794529578 0.760529323354786 0.715579273522399 0.787792901499622 0.407878632835456 0.564939161048651 0.626197584274862 0.721369309726557 0.76857408925236 0.865708394858153 0.761743488670565 0.76425130379114 0.846011586474802 0.877551048240032 0.840446748798076 0.600102902005956 0.753665194285047 0.662048839630797 0.927023732504926 0.842791687991435 0.790298610786372 0.804794988179618 0.812340726451964 0.486490595934866 0.78079274410427 0.88388272037675 0.887603095105177 0.791983097679605 0.848046362650419 0.788557370983255 0.76814518145439 0.75113360451475 0.748593196166859
0.770349568177814 0.875287588575067 0.841131795208702 0.848520632907352 0.849623733460276 0.853673410669512 0.869901019636995 0.888770992641934 0.891262555522699 0.898483393434447 0.872468798556175 0.876440091251368 0.769341056229186 0.647015461463507 0.854552482168507 0.802483717766184 0.462465770760949 0.55837354622485 0.496499270315104 0.629592895680477 0.687269537008772 0.744550316038454 0.866590760810265 0.767572641253291 0.768628750256801 0.841193253413307 0.795012107892553 0.795325102184388 0.799691934591531 0.767863021934368 0.795012175701522 0.791983097679605 0.793855650096192 0.793855716702078 0.804600854260792 0.805864663072547 0.791134996494479 0.789404328409192 0.794522301829459 0.799171616340155 0.790716337257115 0.788587638642146 0.789650916393585 0.893928112628014 0.870892081254412
0.844810192372117 0.837965939764083 0.840246133023145 0.839109807691498 0.87460229098957 0.87368618180567 0.752242649888615 0.864711537442231 0.788390026912665 0.899225386525796 0.836685294021692 0.846779109708523 0.87521304279523 0.856418748038663 0.546926332923764 0.774508088376903 0.73780364730329 0.792771270867504 0.850018804622849 0.771091192631313 0.753785467474928 0.75613263827008 0.768099869325659 0.780187767353903 0.782032431076438 0.787456796454394 0.792145445174312 0.78593282364963 0.784245414400807 0.770109844803548 0.761092982327829 0.778661093480433 0.788557370983255 0.796496866754805 0.791014371370557 0.780227808077791 0.800733358505482 0.798436425122972 0.795325102184388 0.795012175701522 0.795325102184388 0.787792901499622 0.790284390769119 0.793183996248292 0.891528526712124
