data/suitability_789.asc
NCOLS 400
NROWS 400
XLLCORNER 0
YLLCORNER 0
CELLSIZE 100
NODATA_value -9999
[rows 320 to 339 of 400, columns 44 to 87 of 400]
0.448973704229237 0.431190121693285 0.552936145050265 0.504018184754835 0.542936924493489 0.370952866108318 0.598366534038746 0.600829071287129 0.586903320291158 0.583011808766972 0.489206697542661 0.587803387114933 0.574316309144311 0.514929152094967 0.431605123483464 0.633497995089056 0.673798233158503 0.683901926846075 0.626186287549598 0.664725017304896 0.697767207470028 0.693368672386724 0.681789296630828 0.692457925903843 0.565766968833358 0.394887405379979 0.499150660859522 0.581228769023531 0.692008873899607 0.594940967308255 0.444649232424745 0.443546114657504 0.674672428512018 0.646040616449054 0.487873887131215 0.386928834620396 0.658964496924712 0.657892094217881 0.600345954429046 0.662815126977773 0.618537154176013 0.658916483515713 0.367384832362013 0.678664709749632
0.514830785870826 0.502280926336166 0.401105417040412 0.415277436086965 0.459447502995284 0.619929410593251 0.531327590959048 0.622711773356227 0.51231592026712 0.643149664681628 0.635746317316127 0.602466223475478 0.62335260375535 0.476025645019745 0.637910885084264 0.65552102078569 0.641841770708502 0.646805278444382 0.665302027955023 0.686383280203626 0.690904469455349 0.695181798156591 0.517776090012578 0.690998331967419 0.691738833688086 0.693823789974576 0.659888734526072 0.679351657925257 0.683275611793589 0.571129202618524 0.444883143061262 0.520218718979741 0.681364809744578 0.624986252459453 0.45430615177862 0.306550289664836 0.375357902152567 0.647316327001377 0.584739842705665 0.513393427698577 0.581621329861357 0.654156639672547 0.568627506746953 0.618616600189094
0.555463774379381 0.592611611976729 0.619382630355564 0.624872778660181 0.650213943393566 0.653949691178636 0.493488807453524 0.47518488116053 0.573836743318036 0.640422092076033 0.580809619827863 0.56623856958136 0.55039552582643 0.43227540512257 0.626877597630217 0.64681010600141 0.691253552687579 0.642262080632919 0.674616421856854 0.687927183164028 0.689389919313001 0.604139859578108 0.437393467696182 0.704918904865479 0.699211149226276 0.711184446351972 0.714582452555705 0.674999053535353 0.641939018635004 0.697292454648923 0.528269592115592 0.639979891330458 0.565959341130889 0.683120924461357 0.697245847092488 0.657032595470121 0.678006803190591 0.668249739420569 0.65224744135389 0.643350058225697 0.681022002001408 0.669105787919188 0.5599762660731 0.47762250758987
0.605317229280483 0.62457437680213 0.63758002161801 0.63998233278797 0.55906092133507 0.640550105996196 0.557574761226304 0.653855110722789 0.617455223470271 0.585472726357988 0.645457722872835 0.638596483049476 0.634057620311746 0.662201200334563 0.564869456054895 0.580029428158787 0.562770848996396 0.666019010491444 0.65243511998556 0.670038938990399 0.699764401956205 0.659913908501475 0.426954500894311 0.693672080675554 0.625872858618944 0.604139859578108 0.598559486317609 0.603794911317378 0.648068205454407 0.649202130509011 0.636443119301147 0.702583369351002 0.635539153066723 0.702006798622269 0.710259486667379 0.711949809823227 0.684077661567723 0.608365374347134 0.479371840229465 0.620336831135519 0.667079599242149 0.656568049451126 0.465038491244372 0.679684085759405
0.61198220418244 0.528342104982133 0.419722795486067 0.425109057003117 0.487514704981884 0.656992286071209 0.646654526939426 0.671858626684707 0.665850430110972 0.655186354681999 0.665479787734895 0.381780677740414 0.470979217465519 0.600244206764103 0.625513398525101 0.556358901832184 0.675913077172392 0.65662654647894 0.628413401203256 0.632962841082338 0.576930789271957 0.687231613415841 0.595288363492864 0.447463838753162 0.622439665159987 0.674916034168375 0.540347222636192 0.663956210133411 0.666993812895709 0.652490269100109 0.678622219890473 0.567756791000768 0.466558437100722 0.492009925861586 0.564394536717171 0.694016103905088 0.712572721527252 0.678772405421032 0.602829842873105 0.488282309472805 0.673650254914553 0.573979732232955 0.641495342092864 0.615513569122953
0.629758043882987 0.53324502606909 0.368498001173077 0.510641763840531 0.583854190678672 0.585675092977101 0.559483638561164 0.561025870988252 0.558787548027192 0.554990904737932 0.557181361644755 0.655558192987414 0.304663254367853 0.661508709010005 0.380736685215633 0.546024807511601 0.667368082098576 0.620851744074974 0.652363893265325 0.534175199324939 0.567114043923317 0.464355297920607 0.590756027096658 0.568715923439353 0.594808823354411 0.476895420806978 0.307743538074211 0.57871981803281 0.465855390341472 0.564771632436045 0.651386205959512 0.657032640194225 0.663154977814885 0.661657972380823 0.667826613161016 0.687505953317648 0.689639843511495 0.676998162115322 0.692548698696253 0.673615531735438 0.639137506444758 0.633215005884715 0.707068495686743 0.707620973479294
0.618810215710574 0.634191752229752 0.624729458899286 0.520272372454924 0.623155943012047 0.585736146667517 0.559570197581841 0.639078400936673 0.516834397455546 0.510045646712845 0.598490247515259 0.643136328847459 0.333229909010808 0.661111550475963 0.425370928611831 0.586165171636072 0.667047045849973 0.664269948543193 0.66064498101885 0.680101034524208 0.622282956725429 0.618757617229292 0.663926401168645 0.634628684851246 0.595288292444682 0.455175417705558 0.667646239087569 0.574563428296068 0.632618832817782 0.679248839945483 0.684910888675267 0.663262260239715 0.661730408143598 0.667760354873734 0.577158610802983 0.640895852547494 0.659951495946769 0.462299494217114 0.565020644898961 0.660155883743059 0.655465142066098 0.662870070504444 0.612114922335239 0.56428529916879
0.57127506502258 0.565407441664094 0.569510269324866 0.616542373017294 0.628131812312725 0.582164322399612 0.653376455199675 0.663609391319429 0.679527155077539 0.646263541736411 0.655013884597644 0.482761640903791 0.499537248953806 0.683034689065485 0.428672664645744 0.373920162741239 0.545775418091831 0.616081399366637 0.437173580431932 0.428594926738224 0.305002678467097 0.444649199530364 0.50980782560844 0.499748310889176 0.634916028194802 0.55593838914386 0.584692819131867 0.628902539843273 0.445949386844065 0.647293953950491 0.691791032547402 0.617380760460051 0.639407213793585 0.493891615395673 0.549285302316808 0.550591324938456 0.482918508114073 0.578593445881101 0.647930678434079 0.661658061941218 0.667386768433835 0.605465245325224 0.65713573463836 0.65561803193857
0.484566490594209 0.466713886937344 0.642601767310367 0.624710096344772 0.627316624825712 0.632492633263629 0.583992896087845 0.55635651782362 0.506580492969319 0.557055900934251 0.495065724440744 0.50867803831046 0.611671857246182 0.568283336889762 0.433843887944866 0.306853795266047 0.617967002772049 0.569192926395591 0.471803589587711 0.637748526387919 0.637030092010159 0.652725813286485 0.66803685471358 0.677800912414898 0.446016280240223 0.453647639666839 0.665997491409388 0.678931127498851 0.562172305760282 0.662302648204633 0.675766997890738 0.687505906519239 0.625041648807288 0.502297352876047 0.485303757247651 0.647369919321845 0.682246331318631 0.656874097506984 0.629149258348316 0.589986195992499 0.64194234026688 0.621672052379528 0.605415964541871 0.660017546374704
0.51706973333949 0.433450644692357 0.675387722753083 0.548486322084672 0.645761722392664 0.486851345740922 0.565942299811648 0.565931902381188 0.5668538304389 0.598420171880373 0.610262476629092 0.56721236455504 0.512486369462219 0.641365077085498 0.665917585834177 0.682196089231348 0.685756591819789 0.427178239964349 0.306374782483507 0.309281681495064 0.667461657077883 0.675879269893965 0.675591939746474 0.636192524544055 0.657730207397775 0.46109300592287 0.594174664527235 0.641460034647283 0.659536794082236 0.667319091104764 0.596826196298918 0.690232220667934 0.652305907593766 0.699947756431037 0.6769686280042 0.669484465724488 0.670479500535492 0.664969167230938 0.642185903721301 0.652501247711024 0.642436690864953 0.647720338352549 0.637144692825356 0.646423977925515
0.646510281245052 0.557916218569868 0.538996217223253 0.624718310924576 0.551768409423561 0.676171345778867 0.604393308434915 0.518557364002351 0.556637018389074 0.602229709990797 0.667826658358702 0.689639411898987 0.691035905802084 0.676591516737469 0.678699494840237 0.674758884317175 0.680597098221307 0.675983029191393 0.651569279122208 0.603204985683844 0.570425445953382 0.635384423293169 0.555185436644043 0.669985351689041 0.606178314688271 0.675377097283288 0.467497838332862 0.682966041205232 0.435110674803409 0.624677459204791 0.643028954745981 0.681816402122471 0.695132479640631 0.683269931033328 0.590425394146981 0.435777912527053 0.585641508775467 0.61630268637369 0.676014853077747 0.663544266287363 0.675096191630066 0.43077675241774 0.56949634720939 0.675982451064952
0.410031171048961 0.470254906301374 0.434389302132383 0.574834751936914 0.656002616192444 0.547741642062414 0.675411702767125 0.578480497407346 0.374590163236478 0.541182103152442 0.675467648247639 0.676520825833131 0.644408027353548 0.682989955293459 0.669975550118712 0.659193611281223 0.533717262220958 0.604585563488373 0.677259481243266 0.645311570313386 0.606841473369889 0.639944865756554 0.638647091332067 0.665804064179962 0.629697652468279 0.616175965246695 0.590746510665894 0.525081338023322 0.695115734345206 0.6538787943327 0.64772612409288 0.641079540585184 0.6966377880546 0.672506763292073 0.670037922021748 0.642574330283243 0.658873725541037 0.664348805288438 0.649819151459341 0.575620394551702 0.65522568835094 0.452911877125735 0.406302508681229 0.609010676063989
0.516413349784815 0.567493572384057 0.539907369560825 0.646537267126474 0.637180938864231 0.650489086863648 0.637312913423001 0.687555119543732 0.481984980353485 0.438644498009737 0.429513021367774 0.615024450524398 0.69815534940475 0.693129970175881 0.610137632319206 0.5744220986289 0.594524016868395 0.470237358165056 0.607865445118947 0.69084194950858 0.476572877742107 0.652016023239012 0.549964185622691 0.450097273300655 0.619125114720074 0.568287137655715 0.666875427490203 0.685079687300402 0.652672309969702 0.679453538509554 0.682055230748782 0.65714613149608 0.65328793692525 0.552184044693097 0.656538105969743 0.637514041984289 0.540656980368363 0.663080726530743 0.666606637945548 0.636552867363383 0.66232931839553 0.446224735282332 0.500416134063206 0.484285142585565
0.391485538967202 0.403275103501724 0.518894154396821 0.665843054521744 0.650129085491202 0.601623132275581 0.526619508834877 0.680085738352796 0.497135725344722 0.489200324200647 0.441345460497033 0.584095848187396 0.619297227785867 0.652516436483658 0.64923356514859 0.540302162200477 0.48578400930412 0.685602254157869 0.520966018081614 0.486914981128037 0.658677019561955 0.659297910764361 0.639497838671868 0.662024946405003 0.612101062492132 0.661455029503379 0.667297374171719 0.684382597969771 0.651602401904263 0.646007180457195 0.648959082592034 0.670312314368576 0.625082047632122 0.521697384359212 0.66596688808124 0.614457821224405 0.575100968976239 0.586423473425208 0.57512436550246 0.524545923347734 0.565129706736673 0.599969332835239 0.531590679261727 0.662091669035212
0.643702140516918 0.553899037028737 0.634393340581729 0.609185228430319 0.642992806736479 0.590448835162691 0.654221926534934 0.602052047144523 0.642816915387782 0.654463304238247 0.565082066227806 0.69053129494249 0.653854418012608 0.636195802811866 0.647954578638219 0.65098966476291 0.663714433832539 0.598146648667982 0.67123026877187 0.636608374804033 0.433713894592518 0.646891962829318 0.638676364370772 0.636903518686372 0.462944134382131 0.48685114647037 0.47058494554473 0.47464335896241 0.592952978758685 0.614015633191555 0.60713361180745 0.639315042706812 0.60713361180745 0.638207556395197 0.642774752897768 0.536963191892979 0.4715318503914 0.662082599888447 0.564068902504489 0.544617063415137 0.644807621546494 0.662424497579265 0.632315289784597 0.626972196606809
0.638244653067091 0.638567594317779 0.586481116295123 0.577988657406204 0.573812607623409 0.660807409414942 0.669016409453677 0.674818375745799 0.653994935042497 0.518636987251887 0.511752618815748 0.656226841611839 0.644845081461596 0.644845081461596 0.658016914314835 0.646923970335046 0.635344475508845 0.657809100075684 0.606194141003769 0.625234397613052 0.478626842294312 0.62259199661683 0.673867546775319 0.663649488630376 0.608988661371057 0.550146220278966 0.383337783001051 0.304912796626217 0.301985044564003 0.3607329161181 0.629309512976718 0.660355727688963 0.6364237200486 0.642774752897768 0.636028517648698 0.490366867133236 0.30043737905294 0.344457488208079 0.49287788312545 0.638376967385274 0.634381784669287 0.630021767559578 0.531002840094674 0.490961083473912
0.585181582138596 0.582373329002556 0.626982045718723 0.615186689720889 0.576770411589036 0.521547689218597 0.601112259457406 0.620220041011551 0.528493707302728 0.681487982935781 0.660844270146007 0.6082622911787 0.627425296552007 0.593796592662436 0.593603099097749 0.658605134358115 0.532940697210761 0.650101778399925 0.478327032550088 0.635344430765714 0.56234491761899 0.445081255802225 0.490028649265088 0.593603016423699 0.633578156984174 0.520287782185338 0.628857221792303 0.536416551684613 0.422111513521172 0.587608255411451 0.636494401752743 0.676584510031817 0.666460156688373 0.590318355299826 0.609268659358521 0.647008900708551 0.523755709132488 0.626115397272908 0.634381784669287 0.624358911591389 0.631787911265995 0.582034755466203 0.455737675231297 0.59800648544853
0.58350470778211 0.592384711381375 0.511603941201649 0.579472531175536 0.515348590345704 0.489875321685067 0.557980162360323 0.622941288252451 0.370357150785683 0.305585629034582 0.366784468781694 0.669176995530897 0.658149002394325 0.595194652224814 0.570971976389113 0.539633168086506 0.652753666831276 0.561792233898974 0.628607863255118 0.649976555389722 0.655484142072086 0.43736069957744 0.65104999804102 0.545443346529112 0.636215610567059 0.5397151070387 0.537274228264202 0.664049606881333 0.610423890054309 0.667138506387268 0.667863863450862 0.629684526158672 0.579438772322909 0.506350749753062 0.619694062165066 0.685821667423085 0.523358422166267 0.61413134122827 0.50880093929931 0.581446249425988 0.522157947417627 0.570759478959988 0.428945922373548 0.547122677310747
0.527887334611372 0.621756229604709 0.495219999046336 0.56932083220536 0.584481570079425 0.553650000639166 0.498287891772615 0.618539504120959 0.590879789540693 0.679116564325378 0.379299680077755 0.651869909146203 0.657873672055526 0.644527371536172 0.529641706757478 0.459708830217056 0.659436415132109 0.650738869374499 0.446532894999074 0.305182168871881 0.650927405846679 0.669768126010607 0.671278764965857 0.600466319647756 0.667148447796385 0.306288466874794 0.586818122262602 0.583922006919803 0.597033498701767 0.651635574926963 0.583840590607122 0.580737296399187 0.512031897860617 0.544643047022764 0.55952496320422 0.559989154435237 0.682665905132056 0.651993141533913 0.662909753063568 0.66976758220291 0.643525780786296 0.617020835221034 0.634390754291197 0.503513968792454
0.527252332640975 0.598268479701938 0.517826045993095 0.596958364281475 0.673831454862976 0.517282049975659 0.677047490037078 0.640790894902261 0.661040051064927 0.667345330799346 0.520617089975974 0.656759330258463 0.658327605599877 0.512192626212583 0.61456425398793 0.458772496042818 0.458635013045891 0.536735208295824 0.640139403832108 0.668830154183869 0.66677881913715 0.602115874834612 0.600942947036545 0.650468591285525 0.6714835499926 0.674983920471521 0.661627040767731 0.556693044702753 0.49600354227836 0.673477866840795 0.669911443233898 0.668828814586788 0.444955794861944 0.64152746953751 0.651429751596024 0.637526437089233 0.645716116234371 0.636305340942302 0.545246264400842 0.649711679507435 0.651860336340528 0.669784808632182 0.647682117489667 0.643909352334483
