data/suitability_223.asc
NCOLS 400
NROWS 400
XLLCORNER 0
YLLCORNER 0
CELLSIZE 100
NODATA_value -9999
[rows 120 to 143 of 400, columns 265 to 317 of 400]
0.122141045110322 0.112006161823494 0.0 0.0 0.0 0.550830542464388 0.10556324337405 0.345461655371212 0.405167918191307 0.38455797903341 0.326891504741617 0.111449298325414 0.417442379828824 0.0 0.0 0.0 0.103272379710377 0.437910341477407 0.345892500052182 0.448986624202271 0.352789008833696 0.0 0.115360658415711 0.0224677936209976 0.332460946569053 0.322335024465868 0.512024839388106 0.347381348904335 0.600282594316553 0.0 0.0954775810458419 0.394944708779312 0.241779932841052 0.0535609345296294 0.352007463720828 0.500057822745771 0.459853314816645 0.296967653355969 0.281589032201858 0.226190366429476 0.269050268743411 0.34701169618706 0.25013924724823 0.303381895594318 0.295690975809302 0.0562636726791651 0.0508525512884708 0.178386268032889 0.123820962841891 0.277461908114018 0.314531665373961 0.384358632900448 0.0
0.0 0.117781029578229 0.0 0.0 0.0 0.0 0.288719363286079 0.0 0.307235120055247 0.488597319239173 0.517821278599582 0.457866867524293 0.315270877462203 0.205993686432932 0.319069704852088 0.0532073176102677 0.0 0.329349782700792 0.102481044280548 0.105431499479176 0.0 0.0 0.116417051594084 0.0 0.455541051971272 0.412287006350671 0.389533316363624 0.448264263900214 0.503799891729029 0.0323404090257091 0.398571865292733 0.21952464340673 0.269669532793498 0.232954899505277 0.39257978804262 0.158783293742998 0.0 0.0878171026142806 0.313149722049628 0.527917512956442 0.251111828086916 0.106519492128559 0.253989147013579 0.236511143752661 0.0405283372092367 0.212962531857858 0.280849633523481 0.050316249211178 0.19607215623422 0.258658022997643 0.257378808984078 0.250988392011871 0.293491586660631
0.0 0.0 0.0 0.351874897671376 0.116052264515107 0.429762480498881 0.112072649328475 0.344691884837932 0.34251289920313 0.325995283669641 0.540806217320459 0.0593911620007176 0.298829681483908 0.299796967995323 0.470448536789584 0.48774009258286 0.47125073022835 0.339054974749121 0.0 0.330878347924481 0.321296998322939 0.110024104892459 0.0 0.123839107264649 0.13905965433427 0.451243081907478 0.434501294928652 0.378167796858478 0.116542625611035 0.10580592167697 0.282413013789492 0.346803497385016 0.0518004383971638 0.238154295009809 0.353153208165425 0.0167687395983598 0.308258597380221 0.0240290640911511 0.332529639934809 0.57192154909514 0.276751841696833 0.0886794631575077 0.0786644764402166 0.386741008076395 0.207154969346487 0.250976903479753 0.33860553760216 0.283179499310485 0.368685771153123 0.0 0.0 0.0 0.104546976343066
0.0 0.0 0.140572630399882 0.138956614133724 0.34972986543472 0.36935582734295 0.339866352015585 0.336990680443335 0.113421134120586 0.145157317775229 0.0 0.345151122143185 0.384654938506444 0.398800548866712 0.0774072114061913 0.555028288440973 0.460897275863034 0.0 0.0 0.0 0.0 0.0 0.0 0.0 0.125421250741872 0.374882569736416 0.212725299942805 0.366886531438961 0.111028090231329 0.302554474705297 0.413952351094171 0.45583916236001 0.30117766535833 0.108360847700062 0.306873369811717 0.272591191860768 0.401779522618794 0.264226218549437 0.0 0.0173276237409838 0.24664817162612 0.2237961352544 0.0543684446451374 0.206878353469499 0.334597303204244 0.0 0.0898721511379517 0.234349327255596 0.350237368807797 0.078610253233381 0.0 0.0 0.0
0.0 0.0 0.0 0.0 0.486889343079229 0.336012127755342 0.245871578250159 0.0 0.0 0.0 0.33862897868918 0.383852019002911 0.472498270648332 0.405580969980156 0.199423260760269 0.342794983904435 0.0594097465472124 0.353616385942117 0.0 0.0 0.0 0.120198286359063 0.608358311327997 0.411665115170504 0.428818476228527 0.58276188917923 0.0202405847464527 0.105558419767244 0.09609157249426 0.258094956215766 0.298204612184839 0.0173424903501456 0.338903287834147 0.28282242485749 0.318514459880164 0.32139959310895 0.102218369094555 0.0 0.0 0.30549934767485 0.371316699591014 0.087367333674085 0.351570096716131 0.438505416200698 0.32186903404636 0.317171139070439 0.33277466592427 0.260784139724399 0.0 0.0 0.15924516316657 0.0162171732812999 0.0
0.0 0.0 0.123927983648021 0.379956834813354 0.410847196392737 0.0601733189551448 0.0621334485938525 0.0 0.0 0.0 0.359825773001138 0.316819451201518 0.347222858711789 0.205612677069943 0.302608549541424 0.399230167507372 0.11800432472664 0.0 0.0 0.0 0.0 0.355665145951476 0.55351860042659 0.220259360673066 0.0224707932331072 0.0587417810391426 0.114879030017119 0.305358645946266 0.283118465322515 0.421093992494881 0.44969272265508 0.512637567077416 0.477244193538014 0.476296927211711 0.426202729918134 0.301127802200353 0.0 0.0 0.106723184894043 0.400028833009001 0.359790280987955 0.401504454533869 0.0715523772877828 0.447320227435593 0.41030712505103 0.321747003056819 0.381398743586059 0.463224840653285 0.355861862677479 0.341724989213109 0.33495453222823 0.318071973439853 0.086941368466721
0.0 0.369951828598637 0.127312101029854 0.388593252563648 0.386753193706033 0.130067117199516 0.443776618534079 0.0 0.0 0.0 0.0 0.125926280894334 0.278036603679634 0.0196235665242504 0.0 0.0592375921154684 0.0 0.0 0.540330584477912 0.427774648760183 0.424428750950925 0.294640284761578 0.435984800647611 0.378409762871463 0.0 0.104382977459756 0.310740945193842 0.0942800322716123 0.363442084587145 0.510625666358309 0.464024324344801 0.337292107815626 0.465836003405199 0.451389224143723 0.267632880360906 0.0 0.294250458651913 0.0 0.0 0.3804529324201 0.0986901363265227 0.177628392557939 0.269446105659071 0.344663147100304 0.423180347122052 0.500554202067494 0.0454633638609058 0.100606668613734 0.0 0.0 0.0 0.0 0.0
0.325460216344542 0.0 0.0 0.0613833158972729 0.127623554851452 0.0 0.0 0.0 0.0 0.327539164707754 0.280392849744254 0.0992973342360806 0.341539009879394 0.397181186662551 0.203473733075742 0.0 0.0 0.0876357690981696 0.429963097900721 0.0 0.0 0.120356635294198 0.328198383273799 0.102772651965254 0.152993443647681 0.0 0.315384744733622 0.299308484834219 0.495376215026937 0.396753798731184 0.181986803756764 0.491819718031295 0.37704300644309 0.368816368464665 0.480217136778627 0.0 0.194717169549188 0.108343859434196 0.108822868408928 0.108629607967538 0.320822507022337 0.0 0.105558427644176 0.313082507892951 0.290087043379883 0.0995590041860735 0.0 0.295252648570437 0.0 0.0 0.0 0.0761690347663524 0.0724252868840208
0.0352395898034669 0.10474619315381 0.102814255851721 0.114662759548505 0.121193895190399 0.0615957424285763 0.422992221657198 0.032495726646572 0.0 0.0 0.0188002923713788 0.28034415192954 0.294022897899284 0.55481457871725 0.433041717292519 0.377425793229521 0.0229317322906886 0.0642145104653033 0.0244215328135212 0.0 0.342871753946026 0.0 0.0 0.207743736061646 0.587053192195193 0.31967939883106 0.0200739679809408 0.383937553008324 0.556751553778561 0.35704922547565 0.512479413138236 0.599695343978675 0.591838186627436 0.434961155445717 0.0584019079927164 0.370950486045091 0.0 0.0 0.0 0.108338908801538 0.0989108484131966 0.0903313839301243 0.0951076587093814 0.0 0.0 0.0 0.0 0.0 0.0939290415425205 0.394754064150335 0.374890305967098 0.0 0.0
0.0237231717722088 0.327875794030412 0.0 0.100045097109242 0.0 0.0 0.33693767138145 0.0 0.0619066756928586 0.0 0.0211302768198572 0.202888775211994 0.046759182225603 0.39556389289514 0.478426484963292 0.413155110695349 0.0877990683571604 0.43886246636595 0.127216937666292 0.0 0.0968155758059426 0.323453793887143 0.318737532118752 0.0 0.0 0.0 0.216135646640699 0.547125484753989 0.548689621791398 0.539731385584829 0.38867957983816 0.0 0.0 0.409093160908648 0.34436896715319 0.118141559384156 0.0 0.333486944196462 0.297477415095244 0.0 0.293122778607451 0.271497848398031 0.263336057858431 0.0939315560870156 0.0998059799002394 0.287510482618155 0.0 0.0461410271479168 0.455325327359707 0.439687195576547 0.439147400707698 0.403862573407616 0.263635824891932
0.108754558210753 0.315722510873876 0.0 0.306040950893975 0.30975375321631 0.110448550796172 0.193896864672701 0.204083684427093 0.215510979810089 0.0228760469114153 0.0 0.365969979369881 0.212314731311265 0.205738093899204 0.0337231556951083 0.0355081446518233 0.0546020673891099 0.132112326391107 0.0 0.0 0.469364136528373 0.0789816865674837 0.204053640014148 0.215705460721481 0.515059180976545 0.608886550609426 0.0 0.0 0.0 0.372607910450036 0.342094353561266 0.114458043604024 0.118436788585035 0.0 0.310559316248398 0.321032637200515 0.0 0.0 0.0 0.0 0.0 0.279961903127502 0.0 0.347170985993674 0.0 0.0 0.0 0.297328279393327 0.0 0.0 0.0 0.279725410048712 0.0
0.0 0.0 0.0 0.0 0.0 0.0 0.0 0.0 0.532641681871924 0.56016762825179 0.230659947915028 0.338968382296632 0.478426453328663 0.235709144847317 0.0611688651725478 0.12919606670394 0.556685113032056 0.0620144015068103 0.026942450741333 0.0 0.127305350139564 0.199462323108995 0.632869217419923 0.613770889329617 0.587066688697494 0.117602269239778 0.113322431420069 0.119550710136362 0.341317262586214 0.0 0.0 0.0 0.342455821637895 0.353943433827563 0.576756828180526 0.531616941682333 0.0 0.310559316248398 0.0954979973015118 0.349380633360015 0.294190726139344 0.0 0.091559446235543 0.0 0.283903115171181 0.0 0.297040764072256 0.366160356881735 0.346085028155374 0.304765606058784 0.0982357092821741 0.296563243430719 0.234165212170924
0.0213174748455362 0.0 0.0 0.0 0.0984037021252173 0.0957337704221774 0.0 0.0 0.0 0.440802105970329 0.526872246616952 0.631339675190578 0.248817595468261 0.0528275676565256 0.0644450330894792 0.0861588927169526 0.0644562915110777 0.40681302054096 0.620756606786548 0.458608315216518 0.550060737127457 0.655261499472383 0.35015842016154 0.419264174025103 0.359950050847926 0.0 0.0 0.0 0.0 0.0 0.0 0.0 0.0 0.0 0.296276096940796 0.0 0.0 0.105783918685919 0.282122055003187 0.283513420455686 0.27135825010453 0.295997821787885 0.276226137527498 0.328753664225623 0.0882713524951345 0.0953035013470372 0.0992981677964293 0.0 0.0 0.0 0.287246341159375 0.334622342843329 0.0869403889425773
0.443953578659324 0.0888016926705345 0.33429114755779 0.113734198751258 0.0 0.0 0.0 0.0 0.0220037743077509 0.442145072977722 0.48056322180088 0.398458374154662 0.108014155080338 0.0662149079026629 0.373316943572066 0.58760172492636 0.584260621759366 0.409541363761449 0.0602539806177686 0.0 0.370226285647501 0.124841095043053 0.130859827218768 0.0 0.0 0.0 0.0 0.0 0.0 0.0 0.0 0.0 0.0 0.311598762674717 0.336437129784446 0.0 0.0 0.308789039704383 0.0 0.0735995375104317 0.0774746188167764 0.0 0.280734990207828 0.252128777600992 0.300542356132122 0.0898246097428891 0.0909170142622311 0.0 0.0 0.0990128342928819 0.0 0.267348273752363 0.26996562899728
0.45530494559903 0.55140639490314 0.549609869699382 0.2203152110867 0.0 0.0 0.0 0.0 0.342266578067184 0.521138877209236 0.562497381638804 0.501591643124745 0.114790747026918 0.0 0.508896434816552 0.562188322685737 0.452772897600632 0.448513003980694 0.129236328043498 0.399881876802898 0.12476289020517 0.119584889430518 0.0 0.368287221410086 0.521122554505978 0.0 0.0 0.0 0.0 0.286854166216807 0.0 0.0 0.0 0.0 0.0636479041064403 0.0666546048885967 0.0 0.0 0.0 0.219774448501718 0.0 0.238453435135306 0.326148724181105 0.239841678109188 0.216107423657996 0.0 0.265712264177979 0.299523351381413 0.31046807582788 0.277117604298153 0.281280126485824 0.0872772721608075 0.312020276334398
0.0 0.0 0.0 0.465036948194696 0.13550303991971 0.358446141931563 0.0 0.0 0.0229851135452434 0.0648448961380599 0.459339756564692 0.677689126356285 0.0 0.0 0.166238025703101 0.49460108414683 0.0 0.127235377732398 0.0 0.0 0.0 0.126980772890758 0.37768676653287 0.348789586488126 0.584316565298859 0.0 0.0 0.0 0.0 0.0991910622938414 0.294706302903994 0.530368487364808 0.0 0.230660448168794 0.25314600897497 0.0765422624471285 0.0794097601576794 0.0896565129109002 0.249331761914838 0.0680627442581255 0.273812941120257 0.209851974577904 0.174411314406789 0.243639409469143 0.226225742216959 0.19416133027457 0.197644745276151 0.225388319627781 0.38286212405988 0.247653767491222 0.254170470089833 0.44273390604957 0.254808006687817
0.361253103729674 0.0 0.0 0.0 0.138611044154773 0.393552429712659 0.0 0.375484356946228 0.130859827218768 0.377737272744131 0.144646293898732 0.0 0.0 0.438754464077378 0.714464579572843 0.0 0.028038251950695 0.0583703351970691 0.204660921738035 0.117458470207603 0.349857079532995 0.0 0.125658799233969 0.148551472077534 0.0 0.119694086990118 0.119354157697774 0.0 0.0 0.0 0.103646793530814 0.0 0.0 0.262869082844359 0.514328136452043 0.0874640791810372 0.345555008679971 0.312590919358194 0.0959864059789819 0.18977568818579 0.124853810844623 0.12495126549462 0.144361608985788 0.184441386799689 0.0277966238406669 0.212424905166125 0.167898357872351 0.117422556594969 0.0563745006304825 0.0819271695478187 0.129072151292747 0.231563280364701 0.293631944726198
0.32047347374725 0.0 0.376887658779073 0.0 0.0 0.404282649585561 0.371010901807792 0.128008180026833 0.523645723930179 0.505344719759697 0.0 0.0 0.0 0.0 0.757489531741265 0.654134719501 0.411111738862157 0.678284060531807 0.0 0.0 0.0 0.353478170970601 0.367360186052414 0.563770778017069 0.345641522018853 0.54945074539473 0.552182659544275 0.400431317670062 0.344259122819542 0.0 0.0 0.551738484336834 0.562566690461827 0.505761347468644 0.311647472691998 0.0855831628442315 0.0792065240521076 0.277054155929607 0.209634970379974 0.0816536210224749 0.225881009619529 0.290345785790742 0.328741211758357 0.385996946322839 0.221833867621305 0.0707272319030604 0.15611966981966 0.0107108222372911 0.0863810192073094 0.153705514365352 0.072844254702954 0.0834020759930736 0.319444928784577
0.0235977957156155 0.565365855915112 0.632641466724809 0.405537517218247 0.412990463234879 0.0 0.0 0.141062366835238 0.447382820351549 0.640912488952666 0.66891698931211 0.730549222687791 0.663449819024387 0.0 0.0 0.0 0.120949806186535 0.365561138377848 0.369242216491615 0.0 0.349168525033468 0.448399907230885 0.390144285196143 0.484827055537895 0.491737713681462 0.402959348654096 0.363567502425798 0.0 0.0 0.0 0.10689472809416 0.100100166020411 0.276306005022549 0.0228630338868635 0.278053288884214 0.234504385732633 0.0917745474882316 0.383041181089601 0.223712326140565 0.228361762533578 0.0591927830378014 0.387922198931458 0.397760456528521 0.367989354691783 0.253183161082196 0.239512725015681 0.067944722453438 0.0 0.383016115087943 0.320547330849978 0.245257732266516 0.0929519461646885 0.095571898767832
0.0870960658679466 0.411079824774949 0.319413771199476 0.477484148762825 0.656876695585387 0.580025003979336 0.0261163650479231 0.0 0.531051546846027 0.380984772200533 0.602475529833669 0.80038362738079 0.649011320664911 0.625147030803598 0.6957293013994 0.0 0.629856883974178 0.674642892921828 0.605983306893231 0.371958670883148 0.594323237473406 0.549998113402758 0.548877212699347 0.476629566826599 0.328264803934171 0.349427481023851 0.12057321514219 0.107490197252311 0.0996893837094511 0.0 0.300998272973383 0.0 0.0903897255683841 0.0959173228289233 0.0 0.0 0.101024502149651 0.318819733418503 0.533041155776689 0.484413013771161 0.413430996737181 0.419687767822181 0.444290398402491 0.431142005748001 0.49913727718835 0.537041133564748 0.325957604789262 0.172925549843122 0.45479689876602 0.36832273265542 0.365446917135449 0.194985209119664 0.298140323034312
0.524211111625345 0.184674258448835 0.0 0.332744665870976 0.0377250757126181 0.528197928446911 0.256324881254176 0.400918554002186 0.314889392267514 0.583735190551108 0.655279739487375 0.527315009004382 0.710121980590187 0.68882205986097 0.755790862527307 0.564695611662357 0.291284515430972 0.746047831523324 0.388023467601635 0.637728343629532 0.585907514438507 0.434304658649231 0.418028688827994 0.0970806091648352 0.0 0.355329041691089 0.0 0.0 0.0 0.0 0.280841144174899 0.0 0.0 0.288857138833188 0.261272887538368 0.0 0.106459410721321 0.528760447131329 0.457270100660074 0.519741411408431 0.439460819451502 0.260755926153462 0.535586223815908 0.0967272294495733 0.225337333216992 0.459420122120374 0.504691023132429 0.316177620577631 0.0 0.0405891485253375 0.238418817392081 0.232233424159058 0.230072708558239
0.0358282768333707 0.26974238488237 0.343516066686084 0.0379205618903291 0.039201296680098 0.481334548798951 0.0 0.75444999725002 0.15935841352097 0.249963128244927 0.542499233906992 0.538114966254756 0.653989256177493 0.606220214260952 0.690302260057069 0.641142928279948 0.756130472340817 0.740837964103119 0.578783839809277 0.402208328540513 0.0 0.0 0.50054294809231 0.322128185976098 0.112226245033561 0.0 0.0 0.0 0.0 0.0 0.0302552557562806 0.0 0.0 0.0442367914800466 0.0472658442204751 0.0 0.0 0.0 0.0923575574038817 0.503920917902027 0.391549299471099 0.449505116812089 0.523886489575678 0.494443009565501 0.443614401610332 0.359938624815259 0.374709717287737 0.453802900635218 0.491664989344067 0.548398525783048 0.389710212765101 0.493913746577349 0.477059622218111
0.0878529909243244 0.0856773918704468 0.340224245815281 0.246021782926576 0.386776280270125 0.0265720126963001 0.444263057015928 0.708061909099235 0.550345118760757 0.312969587145158 0.362221083443403 0.638776460265241 0.600265437726423 0.576683936039053 0.339083909120603 0.636355074978 0.0 0.396806950728955 0.400971473968059 0.116248323423282 0.122143868621526 0.363065874830651 0.502430649885094 0.318998204827227 0.331586045892034 0.0 0.0 0.0 0.0 0.0 0.0 0.292291928445134 0.0 0.0 0.0 0.0 0.0 0.0 0.0 0.484532748567205 0.441004820888286 0.246177307889069 0.0953622413345927 0.0878730027120277 0.255501821919805 0.265019655235919 0.443409589958264 0.419759570030899 0.449837452131483 0.354713933649341 0.352655823006415 0.528741254707145 0.524911998650516
0.380015201719714 0.380855471640562 0.367265012091386 0.491954831335659 0.497720345810965 0.524593861560317 0.613524257878217 0.330187364301028 0.217666328985724 0.498728430368765 0.437273914841609 0.620081604652776 0.240215325268168 0.137200379901167 0.409841084370643 0.213672647358236 0.0 0.0 0.0 0.0 0.0 0.332195225824302 0.101014093401163 0.0 0.0 0.0 0.0 0.0 0.0 0.0 0.0 0.102813030328448 0.362141594314503 0.318069690142176 0.286882591105067 0.0 0.0 0.0 0.0 0.0 0.0 0.0 0.107651222299872 0.302481436148986 0.0919327975546828 0.0 0.305245546839141 0.4390721794814 0.283315592683834 0.393542802745248 0.592873775661649 0.367793990909047 0.336934237150058
