data/suitability_789.asc
NCOLS 400
NROWS 400
XLLCORNER 0
YLLCORNER 0
CELLSIZE 100
NODATA_value -9999
[rows 380 to 399 of 400, columns 0 to 43 of 400]
0.590387929622736 0.607671656098724 0.578290585273952 0.578975474879902 0.472928921972794 0.462168499194343 0.531069662760116 0.57505911758267 0.540085189724824 0.504097534145882 0.555513369430027 0.578830714711104 0.34319406213513 0.421903662808554 0.405243071360427 0.575101928765817 0.5552019383341 0.510815024409796 0.58204368349184 0.579979189827894 0.45866549530747 0.506326441691296 0.556859985466299 0.575978630119281 0.553554007261943 0.54977213683927 0.601154890533689 0.584274389179244 0.580170955689731 0.585544359860617 0.582031022616712 0.579053724805852 0.5299161531277 0.491809095049367 0.568315557129794 0.571444892030343 0.572157741636904 0.571738354599037 0.564211702241745 0.56904708718442 0.572818130116896 0.575274597041116 0.571178524717159 0.427244400553758
0.562354995385663 0.480513920630081 0.510103314217692 0.577161968080431 0.516089970638738 0.571328844489579 0.570158182450539 0.563069603275992 0.47732089582813 0.584669073088259 0.523161940795828 0.376596679972392 0.406897305582792 0.407209099762091 0.403332177789473 0.509637533093433 0.572928920418 0.585718106220347 0.58159658183749 0.507867781249812 0.574160491240356 0.571813727546815 0.474067201861723 0.478016537083417 0.54601211385678 0.570863580886688 0.585544359860617 0.597998531646824 0.577785297325183 0.592973764442957 0.593150744316689 0.592154526449741 0.588616085441277 0.590459326216933 0.569480172926694 0.565660390156118 0.571838824550415 0.564179939329163 0.56387564380994 0.560380296607709 0.560380296607709 0.564211702241745 0.58178542630865 0.402532879986134
0.49609220623603 0.514571751395714 0.552433991178274 0.584999353092506 0.432125166560149 0.568375902353102 0.586812465945699 0.565368056134086 0.548037321623742 0.559027590632678 0.562448184411314 0.548365085299666 0.555274015376979 0.551278725387153 0.544406008014819 0.544595174950862 0.54383169944939 0.44303545971363 0.400096544003466 0.487880728493605 0.335128470864807 0.312276730672479 0.44142933810407 0.538178270945777 0.560819905630404 0.573095217770361 0.594664823287041 0.581103067571111 0.585564338260129 0.583970719017237 0.57487247906843 0.562059322762903 0.596860455615327 0.59125263922343 0.574142761173278 0.562109642238997 0.565852212513404 0.574088881497963 0.556979691573353 0.553493534135564 0.563247069248428 0.561361970206668 0.479378697551208 0.279912550152915
0.535315774695613 0.52235279335864 0.517936381405973 0.546003428705475 0.557439136448826 0.525706756213492 0.587430492008199 0.57749477436182 0.554273090979895 0.581596481137896 0.547344833818887 0.502063749649356 0.549216731794225 0.546965201392565 0.575192450108562 0.568759774249234 0.474573301052988 0.388148845898507 0.368564245115727 0.349341125689193 0.330214043747803 0.478058180807534 0.448245637553141 0.57354985651621 0.534373656141433 0.382530347855048 0.587437274593268 0.581383139202288 0.569480172926694 0.579806937366854 0.573382267218786 0.504877167758905 0.322166249874756 0.38713196256146 0.555643848701611 0.567271179917698 0.548613833025472 0.484216501044385 0.562500614680629 0.54417173303055 0.544604495501613 0.560346380024069 0.57036427226506 0.536082939090288
0.567563787049333 0.499954754969135 0.560861006053902 0.485473025617024 0.514717067009374 0.521588763533044 0.548775165428582 0.543218826103178 0.555859708972438 0.568582664748674 0.54118679016459 0.563117493628672 0.561103691330416 0.541154638894123 0.561267449973076 0.574169349757842 0.547344833818887 0.313242931694829 0.366869973866237 0.543828567910802 0.442580630934073 0.585048873874022 0.471897408198075 0.562871701261804 0.584332933637266 0.585600912430832 0.592324230165997 0.571894816070991 0.570052798664781 0.555047920686424 0.584642355739632 0.584091215244308 0.571038531635183 0.566140979244756 0.569949591233403 0.555670869003336 0.553506214425319 0.441939597700917 0.544299557729756 0.533080246726311 0.489607401039243 0.562301851698412 0.554489629320108 0.535623907059627
0.550171795996557 0.36332180606498 0.455406901368742 0.525140242787826 0.561191060116064 0.555125780021526 0.540223925046709 0.55062295929821 0.56431908263806 0.558001780231663 0.538779282851581 0.545825148457671 0.562775812034611 0.537341420687748 0.503265425662102 0.504757534093958 0.580552105925885 0.341351246507619 0.351623290046423 0.438234177084426 0.291051284146868 0.571902085387717 0.583113519216632 0.482539576724923 0.427508172771258 0.499125641085075 0.585219109711572 0.486363938797312 0.400275490169826 0.568250360779126 0.566025856638843 0.495081435241306 0.54827140031801 0.50262095561984 0.512540949818404 0.436652000188718 0.469575498300663 0.353209038021809 0.52816298868337 0.535472072324478 0.546627582537572 0.510161410636149 0.352924013537712 0.368386377599973
0.566325217304952 0.54127714190853 0.537461903850831 0.543090293942484 0.537050044733192 0.517785307098331 0.52663057809999 0.560406079116952 0.547908237559731 0.540460115142293 0.508913279583593 0.531621855356889 0.51356968775035 0.546267040875352 0.519275738124244 0.388845768019993 0.542287809222772 0.389063651080496 0.263989664422096 0.396947621598131 0.504401756650753 0.384111681644436 0.263776648751003 0.337905397143232 0.261300095864802 0.366344385123827 0.56773260594668 0.445894666000106 0.504372259593357 0.57307762237424 0.45413379293839 0.392939069848068 0.458204354512554 0.476157075458775 0.480043286484638 0.339858387182841 0.516960452865837 0.433335777530927 0.517903073724533 0.532018345748102 0.539838711767889 0.485635616314316 0.390145882452109 0.550023037150049
0.48567565830921 0.563817407920099 0.520324759915935 0.359948767707843 0.479249038837411 0.551059708237637 0.514213301428495 0.463249830056273 0.505340586338943 0.507213980677663 0.421638620684933 0.513479870075003 0.536127749272432 0.52166522980248 0.409189729394275 0.46017756781785 0.410791698537042 0.537191877297086 0.297486651365974 0.326418387657325 0.421430700209577 0.449030806897113 0.553868942310695 0.558795511949929 0.384393469081899 0.258375224201933 0.38691467488639 0.546353442716208 0.569003943418297 0.566462783162825 0.511855924068277 0.411772548078564 0.557161246121533 0.555370739053377 0.503525910471501 0.527290182142951 0.426242394287846 0.397280329478668 0.522167812274225 0.495179857860292 0.455105616517389 0.529792253211547 0.505938080459611 0.535867609728721
0.3670742976115 0.519054107358031 0.56316474765015 0.560522805356139 0.562560674963514 0.553401592864392 0.467605998971309 0.366750345921081 0.544545653320364 0.319103323103078 0.552065068099207 0.560099391404735 0.544772521853153 0.556208747699396 0.533488856199116 0.489831964649813 0.563309011545828 0.550767498898111 0.516528026318469 0.445830073711016 0.506183257243247 0.474528127668561 0.537608367924511 0.507555639055676 0.483739800197785 0.340486429678819 0.428446368895651 0.526883397084607 0.558125521853819 0.467186560112384 0.451728085809227 0.449894364290598 0.50240083480044 0.524957327555245 0.518236248473263 0.525764400615458 0.448565544700021 0.517394225931455 0.388076936152501 0.522735275578166 0.517299580023916 0.509114071743687 0.539021208979514 0.538639333142425
0.548620184381889 0.450052778474134 0.548983449770275 0.555463840807331 0.538362581285735 0.489277175648286 0.481616552339359 0.39372100763534 0.554835466470515 0.49261373745488 0.551889481085344 0.429564384874172 0.37114322065347 0.55486955003543 0.508046112588236 0.350671667864015 0.326418387657325 0.433748658639623 0.539064150451325 0.506579496715947 0.468120917142044 0.513254553607416 0.523769846007608 0.529218174653146 0.539163295417543 0.525724835871792 0.502603482801309 0.525669673598195 0.529119329353039 0.533870064259803 0.505000280780693 0.52535122581624 0.525794617183619 0.430477527615383 0.541800023138657 0.506703447613884 0.531806266690355 0.475747703961607 0.516976026522862 0.411498494136285 0.518389693538204 0.345266176868483 0.525939234659635 0.526801533447471
0.540938186156286 0.526202274895623 0.551062301988791 0.552719187650798 0.549333170084991 0.551876892804689 0.527453071682664 0.552131863331221 0.545075438869332 0.380611396516317 0.419214253654321 0.303895848694854 0.342585081758336 0.482631589698614 0.482951023460677 0.480455266367144 0.470360787751499 0.427193431013934 0.55848098442547 0.562193608197876 0.561795334982145 0.559860857235554 0.535821074686113 0.480451694086335 0.537883717716873 0.539719006777419 0.474059897105566 0.540111641719826 0.538360238127133 0.518568239273178 0.519613469096555 0.505229764916942 0.524813744200552 0.52275826605119 0.516475209994563 0.487595320976928 0.511656176158716 0.501428185514815 0.509690972979556 0.489883738418663 0.48777073461298 0.459281893933961 0.496545414303722 0.504709075798706
0.507581690143736 0.485263929669036 0.433310575358373 0.50106159392206 0.518716786903408 0.499710053150377 0.527502203941023 0.539992473625737 0.544983996522139 0.509357251165695 0.452668606923783 0.414731854761797 0.49930239011807 0.466689851842541 0.557581930470211 0.545049657571521 0.477219713920165 0.538439637150497 0.435743699940673 0.476417014051546 0.544710454333617 0.545049696838226 0.546341610541994 0.552152529521107 0.546648263259811 0.517816773877273 0.552758472912201 0.534155690087139 0.534155669244689 0.543452774166086 0.512247507144823 0.503353888454036 0.455105616517389 0.525937602756266 0.533767310690327 0.537710919399081 0.504403194527286 0.501369847003163 0.436156147729862 0.48511384294751 0.426913407877507 0.386619829716089 0.491050919190424 0.507946367281977
0.490699581896341 0.506752120579034 0.359062130191987 0.341886755626756 0.509039348704988 0.509513337133341 0.485276079063134 0.46543703885464 0.540488159089421 0.535947638556438 0.536327606079262 0.539117329212629 0.415428506918285 0.484433104375156 0.351829891642136 0.502337767764024 0.472371560212442 0.547241941794371 0.532722871007941 0.532463512602799 0.537038309701958 0.546028404241926 0.536135012976606 0.531494253670134 0.536442526172437 0.526656397766015 0.520998826001581 0.525937621347306 0.440271448560295 0.449781657291372 0.527798818923895 0.480435227182717 0.455361075374055 0.517235121364224 0.522462668073165 0.528647562105642 0.322519956284918 0.398126913994258 0.390242388360033 0.365984472832771 0.415366536557425 0.492743410261003 0.499186631191449 0.497416003223128
0.396781230254374 0.457131392079012 0.482580827189816 0.504705853672682 0.492868460688281 0.530499659843266 0.50516051498001 0.535638152472161 0.542912355629448 0.538690127171385 0.527159121967071 0.305665583970226 0.472241991170049 0.438244824512375 0.437993587533658 0.553481671372728 0.495430899189185 0.543117670784298 0.53264934142266 0.547712459074919 0.526547591277413 0.536135012976606 0.530878534599028 0.526547609117314 0.531494271677632 0.521603104080821 0.521603104080821 0.525313845874369 0.483043280510235 0.533658844655363 0.528357478610435 0.520998825937835 0.521304061808064 0.522462668073165 0.438684092763222 0.510512757827649 0.518349260846683 0.497722343008902 0.237855623196165 0.328047161293862 0.489802119770163 0.486391061109542 0.472299181356449 0.34874404250677
0.526487562489873 0.485507348671612 0.525867810224739 0.527485791831989 0.528387694243122 0.363787541956161 0.523215605491232 0.536254122783731 0.513269089209379 0.522578063411291 0.539960370828408 0.412350774497955 0.486156486555767 0.548421842656577 0.532922151323533 0.533188537516287 0.510646904854297 0.532922151323533 0.528483681190804 0.517804774235378 0.518394416274625 0.526843151781977 0.522182407361221 0.532646355322987 0.435892751663098 0.532334459844833 0.520687352385354 0.463453515113344 0.526245750307223 0.538025964952142 0.525623176609108 0.521603086408445 0.511249733420792 0.512566110596096 0.459331621557221 0.505144870308092 0.387420689906128 0.258890551809458 0.350825341200115 0.383380502771754 0.489783699866469 0.487355506481836 0.480886381734768 0.477834477925319
0.522627691550862 0.489818319644033 0.510496049735286 0.518401897895318 0.516183961823473 0.373475105622326 0.533528533616829 0.530022256201462 0.530241672654227 0.518190273507552 0.528931309489999 0.536529182916128 0.526556941755373 0.539221734321102 0.536529197161587 0.498781027403885 0.528936777156889 0.537883717716873 0.53264934142266 0.532847111147974 0.534110123075706 0.501970069918717 0.53731466114208 0.533251022853331 0.502807806194656 0.532646355322987 0.516062770213207 0.516365132086456 0.527924165271197 0.515754247628628 0.515754247628628 0.533279391294429 0.523471593329732 0.526843151781977 0.506788135550123 0.514791837841807 0.476968389961468 0.448477818847543 0.50736563467364 0.48076172692285 0.373084176466193 0.463863920522375 0.468151590010902 0.465667694283967
0.514903372443196 0.486107273472581 0.513061380368165 0.471436015465293 0.375867597196124 0.50672844090509 0.528519925380307 0.525288048529137 0.422706843364806 0.525738931918291 0.472601033922603 0.535352546434451 0.473933072821354 0.504839495254491 0.530493510019347 0.430051465752845 0.534427630585758 0.524248605794242 0.519047778563467 0.528075610557757 0.529320798417936 0.516564726288216 0.511429450805253 0.516661305789236 0.512291158619902 0.516951316946362 0.522182407361221 0.512291158619902 0.507889529900969 0.518986646704346 0.345354126791531 0.480885517259739 0.508341648727668 0.501857834502842 0.442293437534163 0.415975713741214 0.416198985404967 0.479489415833089 0.515145539313958 0.499518617327634 0.377213000952859 0.467986703100987 0.394650333043187 0.449854045392016
0.524725516486136 0.523060816710428 0.512382093312236 0.337160385043216 0.514662464365446 0.525795526628278 0.517136474083845 0.516110912017612 0.499807136862561 0.499000333162016 0.527311857344554 0.470477921544482 0.473181690485473 0.432005942164496 0.467573507496589 0.458960673596054 0.440497846200965 0.525963028741382 0.519047778563467 0.513604391159198 0.508403664782808 0.501857834502842 0.506788135550123 0.502415209012294 0.502139536208903 0.497484363086369 0.493334316575468 0.508149658434944 0.502948513911209 0.502948513911209 0.412078332716895 0.412078332716895 0.382586692518589 0.382792030763068 0.231344457533819 0.227305782803384 0.497201058927934 0.487529941459852 0.402440085124602 0.467673182257584 0.498629932618481 0.475705449375882 0.473236091856035 0.473652979743745
0.524523389725788 0.508403679771168 0.50417592963626 0.503942571554174 0.513604391159198 0.524061740407965 0.520846829220942 0.515776622226437 0.508700118942137 0.491590715563254 0.490011754437635 0.467349731765029 0.504327341126936 0.469672163598721 0.50798145902378 0.506871921413245 0.48282533111572 0.500858966578551 0.441010206950411 0.495552510878957 0.50910852890126 0.506788135550123 0.507072604721631 0.507072604721631 0.493081772211027 0.481459210713978 0.514207210909252 0.498516568847651 0.503703141380004 0.498996719482916 0.489121937284178 0.483964018875553 0.282229470856561 0.323340473210589 0.44342798584552 0.330968900677711 0.297290209620368 0.414182222872592 0.435970315754277 0.255700709469649 0.351282908812196 0.382435777375497 0.435310935701678 0.419043269865999
0.503942571554174 0.434314934579188 0.424453472995931 0.433632306557621 0.498759639152339 0.513622044847025 0.451313114888133 0.504403194527286 0.496243911113211 0.510435172639829 0.454037543116877 0.503151095354501 0.386034457253082 0.493516890195982 0.404032634169768 0.47884843394699 0.492753402957885 0.464372847512584 0.498704060911582 0.40466579075355 0.504805761054202 0.503636770034787 0.513891418086672 0.498012417836626 0.434461639582192 0.275700745077713 0.279522269017273 0.499833544592606 0.489121937284178 0.484194066258251 0.479045535251183 0.455192612425009 0.22938923298549 0.464546480108357 0.472109515619839 0.495339433706979 0.410359983292517 0.486337970907831 0.491448887398138 0.406517191118678 0.291472799093546 0.305240995000986 0.44060446154681 0.288437480038292
