data/suitability_789.asc
NCOLS 400
NROWS 400
XLLCORNER 0
YLLCORNER 0
CELLSIZE 100
NODATA_value -9999
[rows 320 to 339 of 400, columns 132 to 175 of 400]
0.745102666268255 0.793698026947319 0.623605630200702 0.530926876046119 0.435220334247458 0.506183417152155 0.773010062482689 0.808827872019766 0.768306406462203 0.374769431576217 0.543090019999985 0.74815269595418 0.74812499197683 0.515569625484837 0.465946221487471 0.837279396462166 0.702398219383296 0.766215409584506 0.675517724786397 0.518915600632678 0.689646787046243 0.689713307127751 0.795230198312448 0.774560674034445 0.690920361597049 0.700030585076453 0.851900739132538 0.693926680366185 0.831530884343152 0.842587888928152 0.603941087991588 0.696787983719498 0.672916496385631 0.853305464586714 0.806720579367106 0.853584496641461 0.745053576355074 0.860824811553105 0.798621128227529 0.47005413855048 0.632141143929675 0.871582560366808 0.795743324298596 0.603364234492694
0.67587963876314 0.788981430023351 0.790383610100359 0.562490107490077 0.777206819381325 0.631570355787584 0.632291669255148 0.699470122841914 0.741558154813212 0.815853370970357 0.603617879831818 0.549016213951025 0.378724272950136 0.457290202412489 0.639617357120289 0.789688572853199 0.614278541319853 0.388537856202985 0.59534302759382 0.578060648842887 0.808532726863367 0.836320504439886 0.846909281376191 0.619626480820998 0.793552500252456 0.824340841858896 0.447485503042437 0.833153316338024 0.743329475289993 0.470313417584068 0.569003761747452 0.635746512918734 0.504622856621819 0.726218043476267 0.746364567545907 0.66564476894389 0.356551669253746 0.684648687478425 0.765989947381634 0.826422821523316 0.866715361905869 0.845483525356659 0.843084682771265 0.537036602364531
0.621472278513272 0.719504765396491 0.7568900016613 0.771034670376816 0.744683065277708 0.807080817451074 0.445215614070509 0.736666967947093 0.553108197511166 0.556159180570976 0.597156650938363 0.641291206538342 0.51491401690339 0.664846077425714 0.799274551215655 0.67205643021486 0.811997223838525 0.651343119335902 0.646155388324445 0.554967111081076 0.849740109808653 0.793819942841365 0.72006152347765 0.652400895228597 0.485285166285297 0.83313684741935 0.684931871215904 0.865867673179946 0.824804699013515 0.453675243573473 0.527027488673785 0.449220066452587 0.505738485585436 0.810204911451227 0.826191062990664 0.814471071290819 0.547393278661502 0.268837862577445 0.609361626415202 0.62241945968981 0.734354801762163 0.700310719435081 0.596506755884207 0.531607286941032
0.631529143263957 0.797675905149741 0.693074533496162 0.744042418028843 0.701816613413 0.635618884075088 0.661699451650702 0.756685317712264 0.591880919604059 0.560114804063857 0.551135092859435 0.727612291565327 0.811367841370705 0.832794177778874 0.835557505956947 0.769309387761336 0.459152816223386 0.660470366993611 0.695590852730116 0.808159690371695 0.714375255380568 0.837326533848326 0.850513850870945 0.853158980817124 0.685556148505177 0.802170745476669 0.761028149032894 0.765076729522648 0.802174984688336 0.733306821495695 0.513839604844918 0.527377384174662 0.721612910271436 0.700806051135632 0.697286836759621 0.774320622684774 0.810906255606679 0.718322975372307 0.459055224146253 0.785621847187797 0.841228761113551 0.840348251233302 0.760472210572404 0.689347159424709
0.801008885547725 0.788899139573149 0.80312990715166 0.690486187656955 0.807729162297406 0.712169080396093 0.780140901457208 0.752357376627281 0.790601493586253 0.806195816813069 0.766312654705123 0.464856507712719 0.521049610292531 0.830173747333403 0.706927538426395 0.640567544911792 0.633575284305966 0.636901616355378 0.746843708814608 0.459593891280039 0.499479241058602 0.534462561305288 0.832430309532762 0.845649939617189 0.850282712015599 0.850442175089404 0.626678581699945 0.638461396260208 0.733817659755134 0.638906178250869 0.777702089144011 0.788409795759123 0.726771927062043 0.566724316515888 0.803493349718178 0.597197915261816 0.829079131194289 0.814803405813601 0.868047749108643 0.814804436010613 0.858656103903337 0.601578419707023 0.568005918820438 0.823798246094822
0.659593466719027 0.799502180619353 0.772987264646192 0.725613851740204 0.778167065710289 0.636394334796737 0.759391891933599 0.770686420496375 0.773764084332281 0.764903983379003 0.784419128873678 0.807076098375857 0.800308987011237 0.700458173768698 0.816687764423134 0.377008337520427 0.37586187556972 0.726399568310277 0.765558180718165 0.637668116906241 0.66599540048748 0.848834731417153 0.834276827198197 0.835820972630562 0.826271901606324 0.79404220402518 0.785363186200787 0.697217737495727 0.667489461090615 0.816110582234739 0.761772522957348 0.814954531378571 0.810922294551957 0.627069906225073 0.67703007236281 0.699792497505196 0.764516139446408 0.710617009488049 0.863887904933127 0.836322585173089 0.773820372336664 0.83874042277968 0.833241433123708 0.874453018752458
0.654628238166286 0.790265349644441 0.788599631528722 0.656015414724654 0.758325129223218 0.75835523667716 0.752782622725586 0.754299438639758 0.756391427393787 0.761804381607742 0.765217246162401 0.768330734071986 0.550104871932342 0.611668325712595 0.577027772732373 0.373394101589191 0.374261478361333 0.761867422283065 0.827750327115143 0.690562187407852 0.599855596540807 0.800941784925063 0.825896684723407 0.823998525874604 0.826271901606324 0.591029357248964 0.744598750386736 0.623416153463032 0.825826635622796 0.63603049201422 0.633637624092307 0.816417887909482 0.832516304095201 0.624087944890773 0.627964527839274 0.847804096085591 0.629549093413677 0.650743221974388 0.786756203328688 0.827572079295871 0.824738621478817 0.838312420332131 0.83882969122127 0.826333543178985
0.776656782368633 0.69051635288494 0.782019456961291 0.70780737283331 0.731653635424158 0.692950332526841 0.652391623807985 0.669549671286779 0.789821927254253 0.607376263542284 0.752782559902501 0.753556727586745 0.788837965407725 0.824508833961198 0.580974224824616 0.409308990103398 0.545891660779338 0.41047440518807 0.717216392193551 0.818829723316192 0.631617177118097 0.800137228080799 0.820020598291145 0.822435537617089 0.83500757433596 0.527732023390195 0.809919087779452 0.747874858406535 0.842102743145375 0.851540277373383 0.83196316345746 0.845950335812332 0.78505287478606 0.63705715428286 0.624399923165384 0.628791000689474 0.852066561042474 0.849456264007528 0.846703474557545 0.760058002299422 0.831750901771357 0.83196269188927 0.838119540030581 0.831757731455405
0.621081298209639 0.612709013040576 0.69417462795273 0.636070675670434 0.692202632992094 0.542327210609755 0.752175462135245 0.779111296582271 0.721355800859219 0.739020664965128 0.79169343467715 0.756608822537196 0.796583814731706 0.805754968948876 0.652246335044784 0.647375605943086 0.805860630379722 0.747288354324712 0.795276030928694 0.807913087212635 0.808815753234718 0.818365398510475 0.823616896255092 0.820172227251244 0.829982737569575 0.798041867924286 0.743640081507769 0.740853032051647 0.768905093420355 0.836962263281041 0.829464949650884 0.837082470669654 0.853721956709251 0.855232198501199 0.833888256854242 0.83801734675172 0.863796037408343 0.864132424491647 0.826506947045981 0.857969521858433 0.590371691866947 0.472253823773237 0.839697816986285 0.763901682118308
0.776151843903968 0.782235332123715 0.783732233710938 0.667182113740141 0.64053862960176 0.753241424410521 0.731451147710616 0.75647674890252 0.75196716014095 0.755387250875377 0.793493558705457 0.665580581388127 0.521935025479566 0.596083443650849 0.751678181202439 0.700893253417177 0.527975443837454 0.800621391883116 0.601146266804796 0.812531305159053 0.74920291122528 0.603985435810302 0.81674001369688 0.646400865806829 0.811024750976597 0.673675361387784 0.75786966411034 0.825192469601388 0.746831997319372 0.840434929183498 0.828218714109135 0.834224190422518 0.833518281104722 0.843923659407454 0.84731803248477 0.833478171614224 0.760322605032243 0.794726141723919 0.853031058177785 0.849755821481556 0.865930683036812 0.489474652710863 0.865972875672177 0.756678571683207
0.753877641512483 0.771126258681177 0.775782059551295 0.716541679144527 0.64276002939427 0.754128389627428 0.541546182881234 0.746624103699544 0.787313010059403 0.791700894090586 0.680166511082041 0.451767575159443 0.430604773282237 0.764964145171934 0.760940085306957 0.681140235348058 0.526673123416773 0.525584982625167 0.724743887550374 0.814047223275636 0.706312778034473 0.531131343642638 0.76199516348252 0.675346102414388 0.813725928170446 0.702495169606845 0.659757299116182 0.797348839968221 0.819977866538838 0.762113355573781 0.837514005476611 0.844639414995109 0.83453154250708 0.756504342853113 0.834370171007358 0.636334476818698 0.799817988310029 0.804454237532903 0.685236209253734 0.865657242650349 0.850324028693269 0.724124915378007 0.841871131348189 0.824932491366822
0.644824327951446 0.717860198305596 0.584575435877783 0.628261107490527 0.598861294076611 0.745226158617 0.647469419620557 0.75196716014095 0.739107855831745 0.785458810986915 0.733756481791107 0.579057700759057 0.741225176459029 0.764002045332535 0.78294567496623 0.744556835476088 0.795456777134597 0.794064289183085 0.792746299740208 0.793311628956241 0.798666403709473 0.792230344200389 0.808565647047198 0.739935975812363 0.74071725222089 0.790162400334038 0.804021444609849 0.669772555785257 0.619807100737709 0.7311104017049 0.803099704159939 0.701414687713794 0.634293625147988 0.616286796345898 0.778223910308328 0.692877679750527 0.620402867907681 0.614839466944616 0.738049004379218 0.697721944534349 0.854299909258936 0.843563699728922 0.850504371429212 0.846947467392316
0.628211860324968 0.577945120850525 0.633476245774028 0.698780233152797 0.722444387962727 0.647242778379741 0.63116150724444 0.742113558508548 0.771914053428192 0.708091018964317 0.727638327934471 0.692501142833249 0.778902257434062 0.777296869288531 0.789225857879497 0.793085694518805 0.714059379385241 0.721377923420144 0.572685307446131 0.795931513905139 0.690150539711297 0.782660902916386 0.790154877838045 0.799699957168065 0.813317538067387 0.779319218122216 0.729526776329056 0.802937216019655 0.522798656160441 0.617963479322873 0.617021170089297 0.739499517622646 0.726425039900794 0.735809571671061 0.61449468563026 0.609981609492872 0.611470233077144 0.825535412034423 0.829346487257734 0.826208959020978 0.832762612527079 0.835594796573343 0.626247902599772 0.843804902410531
0.560955297316873 0.60569594664312 0.671775345624738 0.677636236765461 0.671007797204624 0.613589637640082 0.699296513462617 0.735122410050943 0.674788031509054 0.674562663943408 0.736983718059252 0.727737178028817 0.492691539651152 0.659093227931479 0.783816735692789 0.607411830128976 0.358038948657075 0.643428608865901 0.406822467238434 0.769382371540398 0.784912578388621 0.706307258686919 0.704011938198129 0.787130785171595 0.809575556102949 0.780838921754875 0.811224005145974 0.612022357512031 0.807390252051759 0.624588696050583 0.787373071888764 0.817577118123141 0.729877681329093 0.609416158945261 0.650739767931073 0.630506286563749 0.602181326565809 0.819836399201416 0.825183697245296 0.825535432743262 0.822986844679606 0.700333609179693 0.752070218721235 0.843061693289338
0.765238742370902 0.746632682678946 0.775680233377084 0.754212881800899 0.693771649760683 0.568552740704801 0.581364574474808 0.597798729427701 0.540346730268169 0.617343200119095 0.676717388018991 0.711978323056286 0.754158297324522 0.697563379609974 0.777280873218799 0.757145573433054 0.714526100303201 0.718628107108558 0.535329719637934 0.497164206437226 0.702269400553684 0.723420673240977 0.704842335353281 0.713760782007584 0.78867781564017 0.806337835222358 0.798613710116548 0.785182643155085 0.803625336725071 0.812478313849304 0.815086015345335 0.817421730278924 0.831692153136248 0.639817242306057 0.638148524821894 0.832103169951236 0.813871436509462 0.813298809976669 0.60861892264839 0.609917137239115 0.613468175455847 0.784983153212811 0.70790494026261 0.817842519074431
0.77182505524146 0.699220022953438 0.682417010041422 0.708259818375963 0.697292528475344 0.597110667094628 0.6145931001916 0.651444051820064 0.561380147327718 0.68025269776416 0.768929896121887 0.682830218297264 0.588248250984704 0.628457824503296 0.766713269108428 0.759866018897355 0.750309399710202 0.625313099710737 0.76716923758735 0.5238517420393 0.705440044097054 0.699847147806015 0.732605139575789 0.824024898041254 0.829385478356072 0.815854672868434 0.806743449339141 0.797741092014143 0.802937216019655 0.804973541261536 0.802469701114581 0.804965887278076 0.806738741645103 0.615864958469106 0.651796423253151 0.766980454966666 0.662335336121861 0.810400459310233 0.679633049893625 0.603104412156946 0.612774531899598 0.610607531881888 0.54487541506973 0.663217161496641
0.747919733875104 0.730542949404686 0.657573826440651 0.653805545454216 0.686451108937189 0.572761899790402 0.654529315487692 0.697292528475344 0.677706619628184 0.708124266229218 0.76745531195061 0.740242541581649 0.734431449511581 0.670316472666055 0.75827997639773 0.735389347939678 0.762097573223026 0.539893445635635 0.568083009940213 0.75992450047121 0.692264944063005 0.698141276677808 0.740550389935676 0.83828396525238 0.752997840980468 0.72811255930234 0.811988090377626 0.789342985887706 0.552525031922421 0.799823438071165 0.801165264340571 0.801102901759818 0.592137406403112 0.621486464689806 0.764596601472047 0.735939698252721 0.738830265981618 0.658478067879921 0.702970676892992 0.631331747966154 0.673392926489864 0.610822860272087 0.58484152880406 0.52698654586228
0.76761971078413 0.765128797160452 0.671389073733495 0.552600872704581 0.734310137507828 0.564694288698865 0.742052621602348 0.636407028684016 0.564867901617239 0.577675250108348 0.601968929395043 0.686944787981267 0.669321694110718 0.564272489333175 0.574881920038284 0.737281346879656 0.750619779527288 0.61641312747647 0.732419222437433 0.734587168159132 0.695067015926126 0.687855449337646 0.706479700113548 0.726320273103505 0.781921621972403 0.79892569485449 0.784918014167706 0.767454468530755 0.474357770062251 0.791432731493968 0.514563135902912 0.589428816878206 0.589640017466256 0.584364764380098 0.55067691335498 0.60335873737132 0.649282118270548 0.690854802000763 0.723335628071704 0.652257924256744 0.682565831206981 0.621854839351489 0.608140043092397 0.585509133998966
0.623629280875611 0.674243919728101 0.674938612905543 0.628475429081132 0.764802329181834 0.67719283900909 0.632611454207504 0.556340403483361 0.591383780095808 0.677149390280285 0.671322983876728 0.73164958725134 0.678335833997434 0.638240932559837 0.564422676465544 0.771432979187565 0.767719461117473 0.768772569363412 0.721531245839676 0.715837450491275 0.761412550535325 0.768234718796096 0.718557950253138 0.743885518700421 0.755080104265003 0.770806800303252 0.779366909259341 0.777553214621063 0.600772596553884 0.538609436858301 0.597729645754082 0.591262311719212 0.584364739860861 0.596939383893418 0.589455042272045 0.590808415990177 0.613543540083328 0.809158228477021 0.654352605383072 0.644548006871067 0.642676575245403 0.659672932260111 0.830256329162449 0.695301184410199
0.624248623545663 0.56578720112743 0.627025578053004 0.571555746469821 0.759285385499046 0.722746035519929 0.665504281853631 0.68084682109617 0.604605396529964 0.672447606641308 0.730542949404686 0.657854430593873 0.670123725407023 0.603112461727646 0.738114285187837 0.693165192997015 0.772348422536222 0.76832484506207 0.707672286098496 0.635308843429511 0.638680035116058 0.695755226639124 0.701540381152835 0.716801603626919 0.756679901115763 0.788211958627747 0.75636412267958 0.787908006124776 0.759277438145384 0.608787611161612 0.71315515420759 0.639651106213345 0.715869434352305 0.719871260274699 0.712014998810132 0.70636946327254 0.753290762172437 0.70629139705384 0.536922404336971 0.578224072767349 0.70833547921193 0.781178826245546 0.816798876006753 0.835767303123722
