data/suitability_223.asc
NCOLS 400
NROWS 400
XLLCORNER 0
YLLCORNER 0
CELLSIZE 100
NODATA_value -9999
[rows 240 to 263 of 400, columns 212 to 264 of 400]
0.466373039245934 0.467154212585102 0.473878956807153 0.154679544948519 0.155604223786095 0.0 0.160205954652628 0.0 0.0 0.0 0.164325065195179 0.164422967787626 0.0 0.164799371236831 0.789762227920079 0.502807421633071 0.0 0.505482314224131 0.870649017464304 0.669666706975732 0.0 0.0 0.857483850532001 0.495968929619853 0.546109436522615 0.165960726989976 0.0 0.508387331749198 0.49671221544283 0.756468243494206 0.51926192744923 0.538011373480066 0.151658128509481 0.552885115972135 0.477768362753668 0.155125736058933 0.824954539879996 0.801238166822774 0.8724353615728 0.805471860347418 0.765940723087291 0.435907503576187 0.443232168330265 0.447758863013539 0.759882991019396 0.443717312254222 0.0 0.0 0.13686171767236 0.730093955588952 0.679896659526622 0.725606009064748 0.813163765440439
0.408641479081545 0.633157968509515 0.502475626396047 0.0 0.0 0.0 0.572731651412923 0.494931751806171 0.163140042536028 0.0 0.0 0.0 0.0 0.0 0.496231021823999 0.160643800319577 0.498852102106197 0.503277008487512 0.4990505308673 0.653621572489199 0.836339338540758 0.64132138979597 0.560158518962808 0.488835580675227 0.494595035661081 0.0 0.0 0.163201373480786 0.163375361778712 0.566053427952484 0.733578570444716 0.0 0.158062266702648 0.481005084379955 0.852869598267538 0.851243928401709 0.0 0.479115976968855 0.759593557528079 0.776695460754136 0.47320694660185 0.0 0.0 0.470048029685293 0.751739685544227 0.790546753946871 0.686117623270784 0.676400993469715 0.691933252641043 0.70243298394025 0.379447921771277 0.679982136198655 0.138752790330237
0.418353815926694 0.0 0.0 0.0 0.432406147730246 0.445696465486419 0.722881645715764 0.472303429262576 0.0 0.0 0.160405049523988 0.160756763298369 0.0 0.0 0.480906694433408 0.644432381079714 0.160643800319577 0.160771277542414 0.475929107233407 0.0 0.454045871266947 0.148183828874583 0.152779511177636 0.154887501821025 0.0 0.0 0.0 0.0 0.489020018762938 0.48648772875534 0.570232853799824 0.481384061476413 0.566851194363068 0.484535818275166 0.784741092650418 0.467418158037355 0.145472864659542 0.431819411148675 0.664024633316142 0.692236855061586 0.545015503665598 0.0 0.0 0.154655226632165 0.470561909960243 0.771016357671844 0.0 0.741989777196941 0.728434311106902 0.748947777343235 0.424878139906361 0.749213706651085 0.439103362321414
0.0 0.316444132508359 0.400269962917988 0.3920799752272 0.58061067733311 0.487163322674482 0.147434919409336 0.0 0.0 0.0 0.490855694302604 0.476109085917231 0.411808493353227 0.0 0.156101771492554 0.0 0.0 0.0 0.153251605328107 0.0 0.0 0.0 0.464740125951869 0.0 0.158315729902412 0.560043052411641 0.488434681322547 0.477226619498639 0.472536502034113 0.482503717365991 0.0 0.579241600542155 0.475884923206771 0.148528232297332 0.52967434415466 0.451696419204239 0.434330448885363 0.389094483224218 0.672093928717847 0.667991736025304 0.73177734577639 0.748196485161677 0.0 0.832749414470469 0.809645374784569 0.454364194692414 0.0 0.0 0.0 0.771049152237983 0.152706991612852 0.0 0.0
0.0 0.46693315159954 0.476606028452708 0.367984036781174 0.102529543484922 0.41530259577278 0.650232896824338 0.446076889162671 0.0 0.151335140201067 0.462713411515337 0.731219522154465 0.704663893804728 0.398672069716187 0.0 0.0 0.0 0.477586922238232 0.152664237267189 0.0 0.155163859355461 0.157642503831762 0.159098101034233 0.484739923822971 0.4705040545348 0.0 0.475670191768582 0.756353355093158 0.701212721138157 0.691328428243583 0.145223366062689 0.150657460103285 0.484046334584362 0.468395919947761 0.430315049107039 0.482444281244115 0.696538688186333 0.745151839467324 0.403029025530836 0.407938339355965 0.756346957669294 0.781648763752643 0.440430669030592 0.456867573090861 0.151656656002987 0.0 0.0 0.0 0.0 0.0 0.0 0.482579267176735 0.155392442321544
0.0835272602337961 0.344918557117236 0.504093087961646 0.574820518847065 0.597731471676075 0.620682861932141 0.421200261967933 0.0 0.455433104261077 0.445594925046582 0.0 0.273047249763537 0.182898613682658 0.487863973311258 0.493553668197221 0.482222779816961 0.731540461114839 0.0 0.0 0.0 0.0 0.157123852433664 0.0 0.0 0.449047667238879 0.0 0.150466714270064 0.422567861601913 0.611814151557963 0.357895637777173 0.413877414317382 0.125044982870992 0.0 0.0 0.408281478302915 0.560991912961582 0.545324474060812 0.540223428812683 0.539945058972477 0.571259385444872 0.612753383088501 0.404925064904151 0.739599771182381 0.712381840774904 0.552777930079048 0.853976824655769 0.469010720712823 0.469308211160811 0.470011282607257 0.0 0.0 0.0 0.0
0.279986331054006 0.316117388069033 0.499205802267693 0.570261748370874 0.607065036391379 0.638847113166831 0.420103597251789 0.0 0.0 0.456147449422718 0.150048146611631 0.199487130678136 0.0228807466644343 0.0 0.486573801137814 0.4520060640402 0.434014291480984 0.701076021091875 0.724674317262675 0.730153393825465 0.563548878017902 0.150967339882146 0.14683701050173 0.141292120282587 0.423377244732105 0.0 0.0 0.0 0.0 0.320430719314336 0.377352218691773 0.358436935143231 0.0 0.0 0.0 0.115298416594386 0.438627965393948 0.277143027253508 0.283266312409805 0.0 0.341376742190015 0.475560755731535 0.431484088184174 0.716635978965535 0.72922093824309 0.706134934719072 0.820137958101868 0.831402630578759 0.84221581013303 0.15311730136435 0.0 0.0 0.0
0.390608406157804 0.379205627654787 0.50452985345146 0.52358017776237 0.588228287077014 0.606624991465254 0.443019583162486 0.483133752744914 0.707036716566948 0.705016539246732 0.69820204584574 0.581785862828726 0.146446699926852 0.0 0.565601528827405 0.704095037013886 0.660019655547504 0.662915311695035 0.72498007628146 0.743063702051801 0.683798207347695 0.709770133263928 0.469326614157857 0.642898632987666 0.382011505545652 0.150128912458072 0.445219821448292 0.671274998129416 0.382754257173879 0.118534056874462 0.594601841510586 0.624063529354653 0.403293536758053 0.145891240909696 0.0 0.388461191340151 0.116395905054491 0.108676728560834 0.0 0.110931647257415 0.451499505493597 0.409687492327844 0.131497623793075 0.515804589937642 0.508583374415921 0.667321212632636 0.654452055332536 0.78952285003444 0.622139501933061 0.465503098450028 0.0 0.0 0.0
0.422949007958496 0.115709126862525 0.110538774808653 0.367984036781174 0.506734642961755 0.536741594576129 0.574600295561018 0.571171445637309 0.604846884626373 0.487878858881108 0.460951754385337 0.723872151456571 0.7038718877695 0.706270965968609 0.564833980498826 0.836870838686078 0.679644709353273 0.609765375833315 0.653917971076627 0.6207157518136 0.58057137267477 0.693868954335624 0.0 0.0 0.0 0.0 0.139215283394509 0.134962165064107 0.39001122621868 0.627626994229449 0.332300240205114 0.530070107977744 0.601775092427901 0.130933435937464 0.0 0.0 0.0 0.0 0.319321106564224 0.554412728060392 0.540616759951951 0.133795308305693 0.141937071122099 0.0 0.133953394487546 0.688289043577989 0.659594850136431 0.797813575588328 0.796124279660039 0.0 0.151506844348098 0.0 0.156329150108984
0.42118880243421 0.366526971154824 0.479077766918042 0.403290669695283 0.275166114031313 0.371365845027963 0.282080281771715 0.364521676383072 0.42820887714094 0.511168448293275 0.6019876601818 0.641800042428771 0.434281584045938 0.379187540909822 0.747138950145246 0.783230166217375 0.701317933056461 0.634516526462219 0.637544137763969 0.630210273032943 0.0 0.381006928268379 0.0 0.0 0.133521867645476 0.424699738342699 0.476035516111316 0.37977481437 0.563787535466164 0.501297863048968 0.473188406321562 0.488854009676451 0.505229526039366 0.365011519074282 0.412365091574476 0.14650694546551 0.498712469247211 0.121875038792767 0.332394401205058 0.292035515472566 0.488547065619305 0.539828831875128 0.557522460092687 0.402643278961204 0.225999711043572 0.6423102731547 0.695029978033303 0.783922101412387 0.151771790244195 0.0 0.0 0.0 0.0
0.400597837754095 0.371231112158127 0.376561345324856 0.345341891959627 0.390423464118219 0.276990982125872 0.208212745678752 0.126806186256732 0.0877688508187627 0.24976927420704 0.305440245936695 0.335551752005376 0.43929956301976 0.644819471171225 0.720375030682986 0.721820235155574 0.658072289106109 0.696359207597173 0.604508695006758 0.583942455384392 0.628451463567813 0.703945886678274 0.626520507689894 0.410645827209882 0.630005565475909 0.604827644047974 0.431132544467906 0.383125285678076 0.0932230654289936 0.466045898243491 0.289451482241608 0.314008941350695 0.111143289921761 0.0 0.396230563473448 0.0 0.416375553252822 0.121313575197757 0.112216249606173 0.104480629042722 0.0945065992004186 0.431890250240144 0.459079652347052 0.472357687530343 0.322942193821318 0.124698986379281 0.0 0.145892313745044 0.420993619529345 0.427925957859271 0.0 0.0 0.0
0.367713852269444 0.377209062026892 0.336852285332618 0.378068832916154 0.264411076630798 0.298447150932713 0.159123867533729 0.0553162800440443 0.237502374987116 0.109290649487298 0.0 0.0 0.0 0.590690505501791 0.617794883276625 0.66323009606687 0.357807715307477 0.356134523130276 0.688683577317539 0.524581649533501 0.44286468180503 0.483107894453295 0.567379230155758 0.57969011043618 0.531124136559185 0.506615393674109 0.312514734451873 0.0986220940839411 0.305679956661294 0.29804870073302 0.103035874952513 0.345818246526101 0.0 0.0 0.409117330243142 0.0 0.133030924056905 0.465103864633544 0.34868055069197 0.4864131013694 0.335905910300029 0.278743930859313 0.0992326773393577 0.0 0.123812183006965 0.640995009586568 0.641014710110311 0.635710711184171 0.555538755878399 0.339998053674519 0.126994789796087 0.0 0.0
0.363931621416545 0.382951437184794 0.414078940471219 0.335804676509422 0.541294408829633 0.485407141336288 0.369769013997325 0.271206741472488 0.0 0.068387328775859 0.338524396704226 0.489555994116057 0.334255519485319 0.433172535431193 0.59368876474003 0.65113682374307 0.0 0.0 0.64903171514586 0.581041675973903 0.443383140956477 0.465360369642265 0.531124136559185 0.279166374338492 0.365485551859159 0.381888723925899 0.252279108408818 0.096689742207936 0.0 0.0 0.0 0.0 0.127614316122163 0.0 0.391313528158082 0.370075093536851 0.0 0.12584049541928 0.0 0.0 0.0 0.0 0.300090689118051 0.359637605812934 0.0 0.0 0.375693488065173 0.0 0.302141799867638 0.328567728341958 0.458913102713271 0.132387559067917 0.0
0.586131318931504 0.132582932912929 0.437438382991281 0.350095524484261 0.111434705722378 0.0 0.0 0.0942293201176023 0.479614496193752 0.377485301972171 0.34533971040446 0.236572373620437 0.426397487200505 0.483286377700366 0.462217373227768 0.416005678625555 0.400414760134231 0.448940943554432 0.0 0.319572566443062 0.460344916656179 0.306516709958104 0.344987307675461 0.406286368622342 0.363289168373461 0.398274102823308 0.498199602281444 0.536280066867865 0.354625127557498 0.112845148767946 0.548553477397782 0.0 0.0 0.386112240755824 0.0 0.110257035246021 0.0 0.0 0.0 0.120503848776977 0.35408611530011 0.347661578295628 0.100805799255521 0.286449235864698 0.0 0.380684382092776 0.0996986982084077 0.289270128295126 0.132719784184274 0.117249120945207 0.402425424382125 0.141412283511576 0.143433162668534
0.427731147970388 0.468598194775445 0.379735195216961 0.354545089961445 0.114244037390266 0.345544471247707 0.322967958301804 0.0 0.0 0.454604947486455 0.378571199913939 0.327522606934585 0.0680627442581255 0.217461894077987 0.382521029745196 0.493076168594891 0.503642020501057 0.530318998196605 0.407043001184296 0.33154094621307 0.302719660451767 0.260147366944417 0.365485522316556 0.333706609143945 0.210075438598261 0.21524290481277 0.424001991456443 0.0982135948768001 0.311649995826015 0.48591818841283 0.422949007958496 0.382633588721128 0.102020373246848 0.118803877538843 0.0 0.291397682279963 0.287026357805129 0.102877957417779 0.111876877968831 0.358891649719149 0.578072958528349 0.0987176922328028 0.299731318551839 0.0788718112145008 0.0 0.0906296245426322 0.0 0.0 0.0 0.107319935739234 0.119269669817829 0.463887755684716 0.393639153833936
0.124602849109997 0.452061111307465 0.368392054482848 0.584208938669208 0.431615822151579 0.361337861856595 0.351144805377921 0.114238329778637 0.338374668069657 0.103251001741979 0.474244044453931 0.464647785666643 0.271766929684185 0.242480695824985 0.313473622327502 0.248013827799078 0.0 0.0777822480961741 0.0 0.428800202479058 0.304712849284108 0.0921241043687099 0.258557516125395 0.165958202352951 0.279729504134383 0.364410315186921 0.372053373438124 0.265100310163029 0.327949705335317 0.532829238262215 0.301592162835386 0.0 0.321378760865691 0.360021436499145 0.341732429119746 0.296508464516716 0.373432571672035 0.266857727477103 0.290044920902777 0.0981724862051063 0.111523619800422 0.0 0.0 0.245240913994509 0.219802750960109 0.35476275047298 0.216596366333645 0.0 0.259156756066929 0.0 0.473949658044592 0.494313919709253 0.342300383001861
0.0 0.0 0.0 0.107806764942534 0.330235043701378 0.356835527616878 0.32159300280289 0.343079875206021 0.541690548037523 0.334531617579215 0.321751101418766 0.101619366348304 0.0942560669451699 0.341974158217463 0.255991005482556 0.199449543859763 0.211155129640331 0.176046141704314 0.143507814577821 0.119977285588999 0.306348011904133 0.203729000887066 0.379637920790918 0.262215715527718 0.233350023218297 0.199407572627333 0.214043295936924 0.4134083698743 0.505540490312809 0.429329980436368 0.242645731881703 0.0976836701908715 0.369107073758795 0.0 0.0865121254864321 0.0685368253308821 0.310617763322262 0.324183257926525 0.323754405111315 0.352964672809243 0.247653750570634 0.0971519783164906 0.106236022448293 0.541924826630573 0.245100958334052 0.192621391890506 0.0 0.0521864828773062 0.0624903266853887 0.0749249959166059 0.0871889058598062 0.291997390072669 0.0
0.43374221999999 0.112139276352119 0.354982727433681 0.115764281781408 0.0 0.0 0.288510684214572 0.268528932471998 0.380791124183133 0.323980130456655 0.312007390496133 0.520529471428661 0.35146340093716 0.316297367151154 0.26673310682211 0.233893303848947 0.178032445331041 0.106438958041363 0.125835961652538 0.209205129090019 0.159959519890177 0.167332431298037 0.187721823875209 0.245234806997942 0.326134506186683 0.235160632479465 0.0921550141932578 0.28270532481328 0.400784042125143 0.339788609689795 0.247638215003765 0.463265028971487 0.401275523842958 0.336295131557846 0.0917460772869784 0.074653010791231 0.188980377978667 0.265427138578043 0.290549566075705 0.33336508442828 0.342200144714554 0.439473594021017 0.0 0.0 0.266472253349712 0.389371184020665 0.298173632392544 0.155263773286881 0.0 0.319437841320479 0.393635771800765 0.454769078483865 0.0855795109420315
0.283946549674188 0.0 0.353424002942833 0.121799176979349 0.336039649793599 0.331934866303192 0.101932135486315 0.113787372324236 0.29488179857268 0.41072890112811 0.379188211027886 0.397934091882241 0.31250206543709 0.267612285573299 0.43944998402736 0.359274918557338 0.307931964018101 0.186979111087724 0.14600642069155 0.165508773931029 0.16320487315048 0.114165529476535 0.145973525236469 0.168098179295103 0.220524891021685 0.356207940761164 0.372492984568647 0.249468641476762 0.216533909390899 0.0602582875067583 0.249038312040723 0.292591135405182 0.205882972301622 0.24161133191312 0.431216125392224 0.412116068716337 0.18524482247919 0.100642005187804 0.0893801511044831 0.318733125298859 0.361705336619301 0.260187208446221 0.271670791567795 0.275598927492522 0.0751848347249413 0.400388354352366 0.490583255774281 0.274223348850571 0.283428342997052 0.346989441520909 0.309869371860629 0.24187116368518 0.265599941298913
0.393773008753796 0.537829783271383 0.538312122215264 0.425394768587675 0.0 0.0 0.0 0.0 0.0 0.0 0.455132391699845 0.0881124309573903 0.374635254514769 0.464366520721663 0.400378240565237 0.340699076767545 0.306120571127275 0.180011242560394 0.280641102805375 0.276446557620557 0.289955139252921 0.169871335284241 0.0807480806974294 0.10669741839051 0.0654742044325219 0.065650329916246 0.0737016076773025 0.103950916630398 0.142501522322376 0.102117179686851 0.0 0.229227171841473 0.196236595195972 0.177196793321443 0.334695783950112 0.340558119314421 0.387218013290162 0.325028453955244 0.354064206898315 0.419483214078064 0.416722853434319 0.0 0.377391409038467 0.346447341416423 0.396682676062125 0.266288677319772 0.0 0.520177084490532 0.310490172379218 0.511780119022638 0.325320801481179 0.357219064369476 0.0861811852218729
0.543039409814247 0.552587762464351 0.362478009166606 0.365532319407693 0.0 0.418983923254052 0.357019444610484 0.329627307395185 0.310898581957843 0.346794946823049 0.357228465451214 0.298468862448195 0.384372889211773 0.289134149297257 0.30248225883424 0.0948078241443547 0.0921909579264107 0.276119442610471 0.329473841433476 0.400527987511717 0.418334304631963 0.353252528960535 0.123969319672655 0.0700841419178868 0.0405774382122975 0.0202374368408648 0.0868798700078456 0.121217495879172 0.150357685358656 0.17409357501158 0.220710585074235 0.119874340889148 0.0 0.192454548142382 0.180002981666874 0.117735625899246 0.169163744893368 0.267450968383692 0.28515586404138 0.235484535984743 0.353894778354905 0.347925474630253 0.368264885794755 0.474337426775227 0.506335934588929 0.506242056082129 0.476527818923512 0.515058912279152 0.299715910256298 0.531465427454762 0.489656562014207 0.312172141638574 0.0974729425839092
0.591045224550435 0.40287656939029 0.103337659037016 0.462469939347547 0.293572169027069 0.341407585275711 0.300972606121825 0.278868522650307 0.326054130798684 0.0 0.363982621066978 0.237525095817977 0.270271243665718 0.277590057605533 0.307112383991669 0.0 0.307112383991669 0.385813250449798 0.0899308334162403 0.265134007421172 0.486496548804329 0.458023765219968 0.21461705254775 0.197257195238771 0.152799712221924 0.068228731717583 0.0343500843135487 0.10732674864507 0.220251512529858 0.212725028495308 0.0 0.0 0.0473545749761738 0.143077554612985 0.123756867199429 0.0974993473501906 0.0 0.16313238403815 0.172490604393699 0.195700452446041 0.0 0.159557578003439 0.342867071662455 0.271807797457738 0.100545403781044 0.107614027806535 0.109114404857163 0.350168685658207 0.356726889800765 0.126812655510547 0.12753365208988 0.366163473561936 0.124653565062926
0.0 0.351874878037764 0.502149668510406 0.473249310821744 0.40940644740845 0.369187214336408 0.219069661980893 0.0 0.0571692737097005 0.306601535715474 0.357603993152389 0.25630722032681 0.255249082460528 0.455132417094937 0.316883357809035 0.11333961923228 0.103603075517329 0.288254686542363 0.0 0.0 0.491426809389044 0.0998362837850153 0.0888094942925927 0.378873571728125 0.269533266415216 0.0296876344309105 0.0526240595076037 0.047677183334263 0.142933802896863 0.280379895648509 0.216089718810115 0.188893102612813 0.062839065409557 0.295098698134198 0.319734148285814 0.144010041653618 0.0 0.0451558502949328 0.110652376354525 0.123965531354454 0.0969799656971038 0.129030859290803 0.147453642346674 0.201118762163583 0.27990229763229 0.0904829223393615 0.543345401636337 0.590198466548928 0.118699947600863 0.345153196612632 0.342400704493893 0.344652611344389 0.0
0.0 0.104886547594716 0.323982335965695 0.26433498355685 0.379487988646196 0.290747499993114 0.114231203068742 0.246016639413149 0.0990772226596792 0.0 0.458668476699458 0.305507087023406 0.26270527182301 0.0916763206800014 0.303409043450076 0.0 0.0 0.11176380107382 0.112408588343495 0.0 0.107930559213953 0.0 0.163529245589631 0.0901841317127115 0.245257748080246 0.246831177888782 0.283595449400272 0.0132528471426813 0.0116688835754326 0.19994728403773 0.379515399488386 0.377754015388 0.35717052797959 0.365199241132261 0.293315869386334 0.171779505947435 0.145953574690571 0.14016787908878 0.160737757161785 0.0833209601097324 0.0709796453247684 0.0711430098755595 0.195535606113079 0.26622262415565 0.2589935179327 0.297501689304013 0.251237640476183 0.516522396593086 0.0 0.0896738323641567 0.278860272730634 0.0941450558779282 0.0
